600006, 3.23
600011, 0.07
600012, 0.58
600015, 0.14
600017, 0.47
600018, 0.05
600019, 0.11
600020, 0.48
600023, 0.48
600026, 0.5
600027, 0.13
600028, 0.05
600031, 0.17
600033, 0.51
600039, 0.3
600050, 0.14
600051, 0.97
600052, 0.46
600057, 1.32
600059, 2.0
600063, 1.17
600064, 0.87
600067, 1.95
600072, 1.06
600073, 2.47
600074, 2.14
600075, 1.34
600076, 2.3
600077, 1.09
600078, 0.77
600080, 1.65
600082, 0.99
600089, 0.43
600090, 1.28
600093, 1.27
600095, 0.84
600096, 3.17
600099, 1.88
600101, 6.64
600108, 2.09
600109, 0.97
600110, 13.18
600111, 2.48
600112, 1.71
600119, 1.26
600123, 0.7
600128, 2.01
600130, 4.04
600131, 1.1
600141, 1.16
600143, 0.48
600151, 3.54
600152, 3.63
600155, 1.65
600156, 1.85
600157, 0.37
600159, 0.66
600160, 1.05
600162, 0.41
600163, 1.75
600165, 0.69
600166, 0.95
600169, 0.57
600178, 0.67
600180, 0.32
600183, 0.76
600186, 1.18
600188, 0.19
600189, 1.52
600192, 4.08
600193, 5.42
600202, 4.01
600203, 4.18
600206, 4.52
600207, 2.8
600208, 0.46
600210, 3.86
600213, 1.98
600216, 1.82
600217, 0.6
600218, 1.93
600219, 1.29
600220, 1.14
600222, 0.62
600223, 0.59
600225, 0.7
600227, 0.74
600229, 0.87
600232, 11.99
600234, 4.86
600236, 0.74
600237, 3.52
600239, 0.54
600240, 0.73
600242, 1.34
600243, 1.69
600246, 0.2
600248, 0.62
600249, 1.6
600250, 0.9
600251, 0.8
600255, 8.56
600257, 6.32
600260, 4.55
600266, 0.83
600267, 0.42
600275, 2.17
600277, 0.94
600278, 0.66
600281, 0.6
600287, 1.26
600288, 4.1
600289, 2.45
600290, 1.15
600292, 0.87
600293, 1.66
600295, 0.57
600299, 0.58
600300, 0.83
600301, 1.21
600302, 1.43
600303, 20.86
600306, 3.08
600310, 7.18
600311, 1.68
600312, 1.21
600313, 3.02
600319, 2.72
600320, 0.22
600322, 0.33
600323, 0.4
600326, 0.89
600327, 0.68
600328, 1.7
600331, 2.03
600333, 1.19
600337, 0.61
600346, 0.61
600348, 0.51
600350, 0.18
600352, 0.61
600353, 1.31
600354, 1.65
600355, 3.88
600356, 0.98
600359, 5.01
600360, 6.04
600361, 0.5
600362, 0.61
600367, 12.34
600368, 0.73
600369, 0.5
600375, 1.12
600376, 0.41
600377, 0.12
600380, 0.65
600382, 3.47
600387, 0.75
600388, 0.66
600393, 0.57
600396, 1.83
600400, 1.05
600403, 1.0
600405, 11.2
600406, 0.49
600409, 0.98
600410, 1.78
600416, 0.69
600423, 1.28
600425, 0.91
600426, 0.49
600432, 1.3
600433, 1.05
600439, 1.34
600448, 1.53
600449, 1.06
600458, 2.82
600460, 5.38
600461, 0.99
600463, 0.98
600466, 0.74
600468, 1.0
600470, 3.85
600480, 1.56
600481, 0.4
600483, 1.31
600487, 1.04
600490, 7.56
600491, 4.23
600493, 1.51
600495, 0.84
600496, 0.41
600497, 2.74
600500, 0.25
600503, 2.99
600505, 0.62
600507, 0.48
600508, 0.42
600510, 0.74
600516, 2.5
600517, 0.58
600526, 5.23
600527, 1.54
600538, 4.54
600548, 0.23
600555, 1.81
600558, 0.98
600561, 0.9
600572, 0.77
600573, 1.53
600575, 0.39
600579, 0.65
600580, 5.03
600583, 0.41
600585, 0.46
600586, 0.94
600589, 1.92
600590, 1.67
600595, 1.3
600596, 1.79
600601, 1.07
600602, 0.99
600608, 1.0
600609, 2.3
600613, 1.1
600616, 1.94
600617, 1.11
600619, 0.3
600621, 1.31
600622, 0.95
600624, 1.45
600634, 1.93
600635, 0.62
600641, 0.56
600642, 0.08
600643, 1.09
600644, 1.26
600649, 0.33
600651, 2.27
600652, 2.69
600657, 0.46
600660, 0.75
600662, 1.35
600664, 0.67
600665, 0.77
600667, 4.11
600668, 2.21
600678, 3.4
600683, 0.56
600684, 1.13
600686, 1.37
600690, 0.34
600692, 3.02
600695, 1.3
600701, 1.77
600704, 2.99
600705, 0.52
600707, 10.71
600711, 1.93
600712, 3.27
600716, 0.67
600717, 0.38
600719, 1.51
600720, 0.54
600722, 1.64
600723, 0.4
600724, 0.39
600725, 0.53
600727, 2.15
600730, 2.68
600731, 8.04
600735, 2.24
600737, 3.37
600740, 1.29
600743, 0.28
600744, 1.83
600746, 0.88
600748, 0.62
600755, 1.4
600757, 2.33
600758, 3.72
600759, 0.92
600760, 1.15
600761, 0.57
600765, 0.79
600769, 0.77
600770, 2.53
600776, 0.76
600780, 0.35
600784, 1.6
600787, 0.61
600789, 1.31
600790, 1.09
600791, 1.25
600792, 0.4
600794, 0.49
600797, 1.3
600800, 2.27
600802, 0.94
600803, 0.42
600805, 0.58
600806, 1.07
600807, 4.11
600810, 0.64
600811, 0.43
600812, 0.32
600814, 0.96
600815, 1.46
600819, 0.62
600821, 2.56
600823, 0.32
600825, 0.51
600829, 0.67
600830, 1.66
600831, 2.52
600838, 9.52
600839, 2.38
600841, 0.69
600844, 0.76
600846, 3.14
600851, 1.4
600853, 1.47
600854, 2.05
600858, 0.45
600860, 0.61
600861, 0.73
600863, 0.13
600864, 1.35
600865, 1.52
600866, 1.33
600869, 2.69
600870, 11.73
600874, 0.58
600875, 0.29
600879, 1.72
600880, 2.15
600881, 0.65
600882, 2.03
600883, 0.55
600886, 0.26
600888, 0.81
600889, 2.72
600890, 0.95
600894, 0.96
600900, 0.1
600917, 2.32
600959, 1.51
600960, 1.75
600961, 1.32
600962, 1.8
600966, 0.77
600967, 1.13
600971, 0.87
600973, 3.02
600978, 1.19
600979, 0.28
600982, 1.24
600983, 1.36
600984, 2.97
600985, 1.18
600987, 0.72
600992, 2.12
600995, 2.36
600997, 0.42
601002, 0.96
601006, 0.13
601007, 1.32
601008, 0.59
601010, 0.41
601011, 2.29
601015, 1.08
601028, 1.42
601088, 0.05
601099, 1.04
601100, 0.89
601101, 0.31
601106, 0.4
601107, 1.13
601116, 0.72
601117, 0.22
601126, 0.48
601158, 0.1
601169, 0.09
601177, 1.08
601179, 0.11
601186, 0.1
601188, 0.68
601208, 1.83
601216, 0.27
601218, 1.37
601226, 1.48
601231, 0.84
601233, 1.04
601288, 0.02
601313, 4.81
601328, 0.11
601339, 0.11
601368, 5.27
601369, 0.34
601377, 1.14
601390, 0.11
601398, 0.02
601515, 0.36
601518, 3.75
601519, 0.91
601555, 1.74
601567, 0.22
601579, 1.48
601588, 0.31
601600, 0.75
601608, 0.52
601616, 0.68
601633, 0.17
601636, 1.6
601666, 0.36
601668, 0.13
601677, 0.4
601678, 0.82
601699, 0.61
601717, 1.62
601718, 0.53
601727, 0.16
601777, 3.33
601789, 1.55
601798, 0.52
601808, 0.16
601818, 0.09
601857, 0.0
601866, 0.37
601880, 0.49
601886, 0.43
601898, 0.09
601901, 2.36
601908, 0.31
601928, 0.38
601929, 0.52
601939, 0.88
601958, 0.66
601965, 1.19
601968, 7.47
601985, 0.91
601988, 0.04
601991, 0.1
601992, 0.31
601996, 0.76
601998, 0.06
601999, 0.6
603002, 2.06
603011, 3.16
603100, 1.67
603123, 0.89
603128, 1.04
603167, 1.2
603169, 1.28
603333, 0.65
603366, 0.88
603399, 5.29
603606, 1.68
603618, 7.11
603889, 1.57
603969, 2.4
603993, 1.67
603998, 1.76
900929, 0.27
000001, 0.19
000005, 2.22
000006, 0.84
000008, 1.53
000009, 3.2
000011, 3.13
000012, 1.54
000016, 1.55
000017, 2.44
000021, 1.0
000026, 1.12
000027, 0.14
000029, 0.73
000030, 0.74
000031, 0.7
000036, 0.95
000039, 0.58
000043, 1.27
000045, 1.93
000046, 0.09
000058, 1.97
000059, 2.44
000060, 3.25
000063, 0.62
000066, 0.89
000068, 0.58
000069, 0.22
000088, 0.16
000089, 0.45
000090, 0.57
000096, 0.4
000099, 3.22
000100, 0.52
000153, 1.31
000157, 0.27
000158, 1.28
000166, 0.44
000301, 1.2
000338, 0.39
000408, 1.71
000413, 2.19
000416, 1.07
000417, 0.8
000419, 0.57
000420, 1.82
000422, 0.57
000426, 2.25
000429, 1.4
000430, 1.51
000498, 1.7
000506, 0.59
000507, 0.72
000510, 2.28
000514, 1.06
000517, 0.57
000519, 3.02
000521, 2.66
000523, 0.72
000525, 1.07
000528, 0.55
000529, 0.55
000530, 2.23
000531, 5.06
000533, 1.29
000534, 2.37
000540, 0.58
000541, 1.4
000543, 1.14
000544, 0.86
000545, 4.21
000546, 2.47
000548, 1.69
000551, 1.4
000554, 3.28
000557, 1.19
000560, 3.13
000561, 1.18
000563, 0.81
000564, 1.0
000572, 2.46
000573, 2.2
000576, 0.7
000584, 1.26
000585, 1.68
000591, 1.2
000592, 2.7
000593, 5.18
000597, 1.47
000598, 0.55
000599, 2.02
000601, 0.65
000606, 2.18
000607, 1.74
000609, 6.09
000611, 1.39
000613, 6.11
000616, 2.46
000620, 2.98
000628, 1.79
000652, 0.83
000655, 1.93
000663, 1.44
000671, 0.29
000672, 0.52
000673, 1.08
000678, 0.84
000680, 1.08
000682, 0.89
000685, 0.43
000686, 1.5
000690, 0.37
000691, 2.32
000692, 0.97
000698, 1.64
000702, 1.18
000705, 1.4
000707, 2.75
000708, 0.87
000713, 0.93
000715, 0.49
000721, 0.97
000722, 0.77
000723, 1.13
000726, 0.58
000727, 6.02
000731, 0.7
000737, 1.28
000739, 0.97
000751, 4.36
000753, 0.77
000760, 11.46
000761, 0.29
000778, 0.5
000780, 1.34
000782, 1.85
000783, 0.83
000785, 1.36
000786, 0.69
000788, 0.85
000791, 0.9
000793, 1.72
000795, 18.15
000797, 0.94
000807, 1.73
000809, 0.56
000811, 1.25
000812, 2.7
000813, 0.62
000816, 1.42
000821, 1.49
000822, 0.43
000823, 4.18
000825, 0.28
000829, 4.24
000833, 8.11
000837, 3.46
000850, 0.5
000851, 3.03
000856, 1.25
000859, 1.07
000861, 0.87
000862, 2.66
000863, 0.84
000868, 2.27
000877, 0.55
000878, 1.34
000882, 2.06
000883, 0.19
000886, 1.12
000889, 1.0
000892, 3.0
000898, 0.13
000899, 1.35
000900, 0.56
000903, 0.51
000905, 1.73
000906, 0.68
000908, 0.33
000910, 0.64
000912, 1.16
000913, 1.91
000916, 0.45
000919, 0.81
000921, 0.66
000922, 0.95
000926, 1.5
000928, 1.4
000929, 2.74
000930, 1.7
000931, 0.91
000933, 1.05
000935, 2.01
000937, 0.85
000949, 1.19
000965, 0.69
000973, 17.16
000976, 0.76
000978, 0.75
000980, 2.93
000982, 8.17
000983, 0.73
000993, 2.72
001696, 1.85
002004, 0.94
002005, 1.04
002006, 1.43
002009, 2.18
002011, 1.1
002017, 1.12
002018, 2.36
002021, 1.55
002024, 2.57
002026, 1.73
002028, 1.5
002029, 0.61
002031, 5.55
002033, 1.39
002040, 1.8
002042, 0.46
002043, 4.98
002050, 1.12
002054, 5.16
002060, 0.69
002061, 1.59
002062, 0.62
002063, 2.26
002064, 1.43
002067, 8.58
002071, 2.53
002073, 1.67
002075, 1.7
002076, 4.33
002079, 3.3
002083, 0.99
002084, 1.79
002087, 1.95
002088, 1.52
002092, 4.64
002093, 1.03
002097, 9.92
002098, 3.74
002099, 2.34
002100, 3.52
002102, 3.7
002105, 2.38
002106, 5.81
002115, 3.48
002116, 0.97
002118, 0.65
002122, 0.31
002128, 0.58
002133, 1.44
002136, 2.23
002137, 4.14
002142, 0.31
002146, 0.3
002154, 1.09
002158, 0.75
002160, 1.3
002161, 2.25
002163, 4.53
002165, 7.28
002166, 2.0
002167, 6.15
002168, 2.31
002170, 1.92
002172, 1.54
002177, 8.22
002178, 0.92
002181, 1.01
002185, 2.59
002187, 0.69
002194, 0.76
002198, 1.38
002204, 2.1
002211, 12.75
002214, 1.39
002215, 1.71
002218, 1.2
002225, 1.69
002226, 3.7
002231, 4.24
002232, 2.76
002233, 0.61
002237, 5.43
002239, 1.56
002240, 8.56
002243, 1.2
002244, 0.83
002245, 4.4
002247, 1.24
002248, 7.01
002249, 3.86
002250, 1.59
002251, 1.91
002254, 1.04
002255, 10.03
002258, 0.77
002259, 2.1
002261, 1.54
002263, 6.71
002264, 7.58
002265, 2.46
002267, 0.27
002269, 0.9
002274, 3.2
002277, 1.9
002282, 4.46
002285, 1.58
002286, 1.77
002288, 3.2
002293, 0.73
002297, 4.7
002300, 0.57
002302, 0.45
002303, 3.7
002305, 0.55
002307, 0.83
002313, 3.13
002318, 1.47
002320, 0.84
002327, 1.78
002328, 1.94
002330, 9.05
002332, 0.96
002334, 5.45
002336, 0.53
002337, 1.27
002342, 0.84
002357, 4.63
002360, 2.34
002363, 1.83
002367, 1.52
002369, 3.7
002374, 1.69
002375, 0.8
002376, 0.87
002377, 2.79
002378, 2.7
002381, 3.71
002388, 5.02
002390, 0.9
002391, 2.26
002392, 1.02
002397, 1.86
002398, 1.42
002404, 1.27
002406, 1.13
002417, 1.85
002419, 0.25
002420, 2.96
002430, 6.26
002431, 11.02
002433, 3.01
002434, 1.11
002443, 5.95
002449, 2.48
002451, 3.33
002452, 3.51
002453, 1.82
002455, 14.61
002457, 2.33
002461, 0.67
002465, 1.26
002467, 5.89
002471, 1.0
002474, 2.06
002476, 1.89
002478, 1.39
002479, 0.9
002480, 1.7
002483, 1.03
002484, 1.54
002486, 1.17
002487, 1.58
002489, 1.22
002490, 1.72
002495, 4.42
002497, 5.34
002501, 1.65
002503, 0.33
002506, 1.95
002510, 6.23
002513, 0.99
002523, 3.37
002526, 4.77
002531, 0.48
002532, 1.37
002533, 3.28
002534, 0.81
002535, 2.96
002538, 0.85
002540, 0.77
002545, 1.82
002546, 5.81
002549, 0.66
002553, 3.26
002554, 2.7
002556, 5.33
002559, 2.2
002561, 0.53
002563, 0.19
002564, 2.29
002565, 1.74
002566, 1.75
002570, 2.7
002574, 3.02
002575, 1.05
002578, 0.93
002579, 4.92
002583, 1.99
002584, 4.43
002585, 1.57
002586, 1.99
002598, 2.36
002600, 21.52
002601, 4.45
002604, 1.63
002607, 3.69
002614, 1.49
002629, 2.23
002637, 8.72
002641, 0.28
002648, 0.45
002650, 1.68
002651, 2.38
002652, 1.61
002660, 4.91
002666, 1.05
002671, 1.7
002678, 0.2
002683, 1.61
002687, 0.77
002689, 1.59
002693, 1.26
002697, 1.34
002700, 0.7
002708, 6.2
159901, 0
159902, 0
159909, 0
159911, 0
159919, 0
159922, 0
159927, 0
200011, 0.02
200017, 0.08
200019, 0.27
200020, 0.25
200022, 0.03
200026, 0.07
200029, 0.1
200030, 0.14
200045, 0.16
200054, 0.06
200055, 0.95
200056, 0.03
200058, 0.2
200413, 0.19
200468, 0.21
200488, 0.14
200512, 0.09
200521, 0.15
200530, 0.03
200541, 0.05
200570, 0.17
200613, 0.15
200625, 0.19
200706, 0.04
200726, 0.23
200771, 0.14
300002, 3.06
300013, 3.42
300022, 2.99
300026, 0.96
300029, 1.66
300030, 3.23
300039, 0.85
300040, 7.83
300041, 7.45
300057, 5.86
300058, 1.01
300064, 0.87
300074, 7.31
300079, 1.88
300082, 9.01
300084, 4.23
300086, 1.81
300087, 0.78
300090, 1.04
300092, 2.44
300094, 2.03
300095, 3.19
300098, 2.81
300102, 2.39
300105, 1.31
300106, 1.12
300107, 1.63
300111, 1.01
300112, 6.54
300120, 1.72
300121, 1.85
300123, 1.31
300126, 6.36
300129, 1.05
300131, 8.9
300132, 2.3
300137, 1.28
300139, 3.75
300147, 1.1
300150, 1.4
300151, 2.72
300152, 3.91
300154, 2.06
300155, 2.65
300157, 2.81
300160, 1.74
300164, 1.38
300167, 2.28
300169, 2.83
300170, 2.23
300172, 0.91
300175, 1.45
300177, 3.18
300179, 2.78
300181, 2.06
300185, 1.72
300187, 0.96
300189, 2.59
300193, 2.98
300198, 7.57
300200, 1.22
300205, 1.87
300210, 2.15
300214, 1.68
300215, 2.69
300217, 3.15
300218, 3.26
300219, 2.66
300237, 2.0
300247, 6.54
300249, 1.97
300255, 0.82
300259, 2.72
300262, 1.43
300267, 0.37
300281, 2.17
300283, 2.23
300287, 2.52
300289, 1.23
300297, 2.06
300301, 2.57
300303, 5.8
300309, 4.16
300315, 1.6
300316, 3.93
300320, 1.23
300337, 4.31
300344, 2.19
300345, 2.98
300390, 19.86
600396, 1.83
600870, 11.73
002064, 1.43
002240, 8.56
002305, 0.55
002381, 3.71
300082, 9.01
300316, 3.93
300390, 19.86
