交通运输
600119, 长江投资, 0, 1
600611, 大众交通, 0, 1
600662, 强生控股, 1, 1
600834, 申通地铁, 0, 1
上海自贸
600611, 大众交通, 0, 1
600628, 新世界, 0, 1
600676, 交运股份, 0, 1
土地流转
600626, 申达股份, 1, 1
600662, 强生控股, 1, 1
000523, 广州浪奇, 0, 1
含B股
600611, 大众交通, 0, 1
600843, 上工申贝, 1, 1
资产注入
600611, 大众交通, 0, 1
600662, 强生控股, 1, 1
600676, 交运股份, 0, 1
粤港澳
000523, 广州浪奇, 0, 1
000529, 广弘控股, 1, 1
金融参股
600119, 长江投资, 0, 1
600129, 太极集团, 0, 1
600149, 廊坊发展, 1, 1
600611, 大众交通, 0, 1
600826, 兰生股份, 0, 1
金融改革
600119, 长江投资, 0, 1
600611, 大众交通, 0, 1
600830, 香溢融通, 0, 1
整体上市
600611, 大众交通, 0, 1
600662, 强生控股, 1, 1
600676, 交运股份, 0, 1
抗癌
600129, 太极集团, 0, 1
600826, 兰生股份, 0, 1
国企改革
600628, 新世界, 0, 1
600662, 强生控股, 1, 1
600826, 兰生股份, 0, 1
600834, 申通地铁, 0, 1
迪士尼
600611, 大众交通, 0, 1
600628, 新世界, 0, 1
600662, 强生控股, 1, 1
600676, 交运股份, 0, 1
600834, 申通地铁, 0, 1
参股金融
600129, 太极集团, 0, 1
600611, 大众交通, 0, 1
600826, 兰生股份, 0, 1
上海本地
600119, 长江投资, 0, 1
600611, 大众交通, 0, 1
600628, 新世界, 0, 1
600626, 申达股份, 1, 1
600662, 强生控股, 1, 1
600676, 交运股份, 0, 1
600826, 兰生股份, 0, 1
600834, 申通地铁, 0, 1
600843, 上工申贝, 1, 1
