600018, 0.06
600057, 2.28
600073, 2.87
600183, 1.55
600208, 0.46
600236, 1.09
600300, 1.14
600377, 0.17
600393, 1.81
600690, 0.77
600712, 3.66
600983, 2.27
600995, 3.06
601169, 0.11
601208, 3.99
601939, 0.49
603399, 8.27
000008, 0.55
000541, 2.22
000601, 1.11
000723, 2.58
000729, 0.63
000883, 0.21
000910, 1.35
000922, 1.78
002100, 3.03
002106, 13.67
002267, 0.52
002297, 6.49
002600, 14.43
200541, 0.16
300259, 6.21
600018, 0.06
600057, 2.28
600073, 2.87
600183, 1.55
600208, 0.46
600236, 1.09
600300, 1.14
600377, 0.17
600393, 1.81
600690, 0.77
600712, 3.66
600983, 2.27
600995, 3.06
601169, 0.11
601208, 3.99
601939, 0.49
603399, 8.27
000008, 0.55
000541, 2.22
000601, 1.11
000723, 2.58
000729, 0.63
000883, 0.21
000910, 1.35
000922, 1.78
002100, 3.03
002106, 13.67
002267, 0.52
002297, 6.49
002600, 14.43
200541, 0.16
300259, 6.21
600018, 0.06
600183, 1.55
600208, 0.46
600319, 3.0
600377, 0.17
600690, 0.77
600995, 3.06
601939, 0.49
000601, 1.11
000729, 0.63
000883, 0.21
000885, 2.37
000910, 1.35
002100, 3.03
002106, 13.67
200541, 0.16
600183, 1.55
600319, 3.0
600995, 3.06
000601, 1.11
000883, 0.21
000885, 2.37
000910, 1.35
002100, 3.03
002106, 13.67
200541, 0.16
