600008, 5.27
600028, 0.05
600039, 2.7
600051, 4.28
600076, 1.62
600080, 2.64
600082, 2.1
600098, 1.92
600112, 2.78
600121, 1.13
600125, 1.69
600127, 3.04
600159, 1.78
600210, 4.97
600218, 5.77
600223, 0.83
600237, 8.62
600243, 1.84
600257, 2.47
600261, 2.93
600268, 1.14
600269, 0.54
600279, 2.58
600290, 0.79
600300, 0.69
600313, 3.28
600319, 0.85
600331, 2.54
600354, 3.43
600355, 4.82
600356, 0.95
600361, 1.82
600370, 4.46
600381, 2.39
600388, 7.89
600390, 1.96
600395, 1.39
600415, 0.65
600426, 0.8
600448, 5.39
600460, 1.75
600463, 1.6
600483, 3.57
600493, 3.77
600505, 1.31
600507, 1.2
600508, 1.19
600510, 2.84
600512, 12.38
600550, 1.12
600555, 4.08
600558, 3.21
600561, 2.21
600567, 1.52
600572, 0.8
600573, 1.22
600579, 1.26
600581, 1.45
600609, 1.04
600644, 2.31
600665, 0.85
600704, 5.02
600714, 1.2
600719, 1.74
600727, 1.75
600736, 1.53
600744, 4.65
600747, 2.74
600766, 4.69
600780, 0.73
600790, 1.75
600792, 1.66
600802, 1.86
600806, 2.26
600811, 1.61
600815, 3.03
600828, 1.08
600844, 1.3
600888, 3.02
600889, 1.61
600960, 1.64
600965, 1.01
600966, 2.0
600979, 1.75
600982, 2.11
601002, 1.57
601007, 1.83
601018, 0.34
601100, 1.53
601126, 0.97
601169, 0.24
601177, 1.16
601188, 1.01
601218, 1.98
601368, 12.69
601390, 0.51
601666, 0.81
601668, 0.85
601678, 1.7
601857, 0.01
601886, 0.88
601901, 0.94
601928, 0.86
601988, 0.05
603002, 2.63
603012, 4.83
603015, 2.68
603077, 1.77
603126, 7.74
603969, 4.32
000058, 3.67
000060, 1.75
000078, 5.02
000158, 2.16
000422, 1.71
000430, 6.67
000518, 3.75
000551, 6.56
000554, 4.26
000570, 5.1
000572, 1.08
000589, 1.75
000598, 6.06
000601, 1.07
000606, 2.19
000609, 1.52
000632, 2.15
000655, 6.05
000680, 16.83
000683, 4.15
000691, 1.92
000692, 2.97
000702, 3.69
000703, 1.61
000705, 2.83
000707, 3.73
000731, 4.44
000737, 3.53
000751, 2.65
000789, 1.96
000809, 2.43
000825, 0.42
000856, 0.78
000859, 1.88
000880, 3.72
000908, 0.9
000912, 0.96
000939, 4.98
000949, 1.72
000960, 2.96
000976, 0.93
000982, 1.17
000993, 2.75
001896, 2.7
002005, 17.26
002026, 3.21
002028, 1.77
002042, 1.35
002069, 1.16
002083, 1.73
002098, 9.97
002105, 1.89
002109, 1.35
002116, 1.3
002122, 0.95
002165, 2.7
002166, 10.68
002191, 2.17
002220, 3.08
002231, 2.81
002249, 4.05
002272, 2.82
002300, 4.54
002307, 5.6
002331, 4.02
002336, 0.62
002337, 1.93
002342, 1.25
002344, 2.08
002348, 3.17
002361, 2.68
002375, 2.77
002398, 3.75
002404, 5.18
002420, 1.44
002429, 0.94
002433, 1.96
002453, 2.47
002455, 4.04
002457, 7.12
002482, 1.65
002483, 3.4
002497, 1.62
002503, 0.5
002521, 2.46
002540, 1.33
002542, 7.25
002545, 1.49
002560, 8.29
002562, 13.75
002585, 2.77
002634, 5.62
002671, 4.05
002687, 1.77
159922, 0
200011, 0.23
200022, 0.28
200026, 0.98
200030, 0.47
200058, 0.38
200488, 0.38
200512, 0.18
200521, 0.14
200541, 0.14
200613, 0.13
300012, 4.66
300022, 3.36
300029, 2.62
300082, 1.04
300086, 1.75
300107, 3.6
300108, 3.96
300126, 5.33
300129, 4.22
300135, 3.29
300151, 3.72
300155, 2.51
300164, 2.26
300165, 6.54
300169, 4.7
300192, 2.82
300214, 6.62
300217, 4.98
300240, 1.62
300255, 0.75
300263, 4.95
300283, 2.99
300287, 3.77
300305, 2.75
