600011, 0.21
600012, 0.27
600019, 0.4
600027, 0.45
600050, 0.8
600070, 0.86
600076, 1.34
600101, 6.76
600105, 0.99
600111, 0.65
600116, 4.13
600123, 2.12
600141, 2.81
600160, 2.3
600180, 0.46
600187, 2.9
600189, 1.6
600203, 3.81
600216, 1.6
600218, 2.38
600240, 1.14
600255, 3.09
600261, 0.33
600267, 0.59
600269, 0.71
600277, 0.92
600287, 1.04
600289, 0.69
600295, 0.97
600302, 0.95
600320, 0.95
600321, 1.39
600337, 2.27
600356, 1.26
600365, 0.95
600377, 0.05
600380, 0.52
600386, 1.37
600388, 1.19
600403, 0.18
600422, 0.51
600432, 2.61
600458, 0.71
600461, 0.83
600515, 0.97
600516, 5.16
600517, 0.57
600546, 1.1
600561, 1.64
600567, 1.58
600575, 1.34
600581, 2.02
600583, 0.6
600596, 4.79
600613, 0.63
600635, 0.7
600643, 1.69
600708, 1.03
600719, 2.14
600722, 5.25
600730, 0.86
600748, 0.37
600761, 1.62
600776, 0.43
600780, 0.53
600787, 0.69
600794, 0.59
600797, 1.34
600806, 1.76
600810, 2.72
600812, 0.41
600866, 1.7
600874, 0.66
600894, 0.46
600978, 2.05
600981, 2.58
601012, 1.58
601111, 0.35
601158, 0.29
601188, 0.68
601222, 0.42
601339, 0.38
601567, 0.27
601599, 1.7
601678, 1.01
601717, 1.17
601718, 0.55
601808, 0.11
601999, 0.73
603023, 1.6
603128, 0.77
603901, 1.21
900905, 0.21
000035, 0.97
000036, 0.61
000046, 0.09
000068, 0.31
000069, 0.23
000078, 0.87
000090, 0.35
000158, 2.64
000404, 1.76
000409, 1.22
000421, 0.8
000426, 2.4
000430, 1.03
000510, 6.04
000530, 0.49
000539, 0.51
000540, 0.7
000554, 4.39
000564, 6.0
000565, 1.05
000573, 2.2
000598, 0.61
000610, 1.59
000628, 1.25
000633, 1.68
000650, 0.85
000652, 1.4
000665, 0.41
000680, 7.13
000713, 1.13
000717, 0.39
000719, 1.24
000726, 1.34
000785, 0.9
000790, 1.42
000793, 1.49
000800, 0.89
000897, 1.81
000908, 0.51
000930, 3.86
000932, 0.35
000936, 0.56
000939, 1.65
000950, 0.45
000962, 1.91
000969, 1.12
000973, 4.54
000978, 0.85
002003, 0.49
002004, 0.55
002009, 1.24
002011, 0.55
002023, 1.01
002029, 0.36
002033, 2.2
002047, 0.39
002056, 2.43
002063, 3.3
002069, 0.58
002071, 1.83
002076, 1.12
002081, 0.98
002083, 0.38
002084, 1.01
002087, 0.72
002091, 1.76
002093, 0.39
002100, 0.8
002102, 1.96
002106, 3.59
002109, 1.41
002118, 0.52
002121, 0.65
002124, 1.71
002127, 0.53
002131, 1.94
002133, 1.54
002135, 0.44
002139, 3.68
002145, 10.82
002155, 2.27
002156, 0.87
002158, 0.62
002161, 0.58
002164, 1.88
002165, 0.8
002167, 4.66
002170, 1.06
002176, 3.49
002183, 0.61
002185, 1.66
002194, 0.9
002218, 0.56
002220, 0.96
002225, 1.66
002232, 0.69
002238, 0.3
002243, 0.58
002249, 0.76
002261, 1.19
002270, 1.23
002274, 2.85
002297, 8.72
002303, 0.64
002305, 0.63
002308, 2.65
002312, 2.2
002317, 1.12
002327, 0.84
002328, 2.51
002329, 3.38
002337, 0.42
002345, 0.87
002355, 5.95
002369, 1.19
002390, 0.6
002403, 0.51
002433, 1.13
002448, 2.41
002454, 0.59
002457, 1.23
002471, 0.62
002474, 1.61
002483, 5.36
002497, 2.16
002504, 1.56
002505, 0.71
002516, 2.35
002527, 0.82
002531, 0.33
002532, 0.62
002536, 0.79
002559, 0.86
002565, 1.11
002566, 1.13
002584, 19.81
002593, 0.92
002607, 2.77
002637, 2.57
002644, 0.6
002654, 1.04
002689, 0.38
002707, 1.01
159902, 0
159909, 0
159911, 0
159922, 0
200018, 0.06
200020, 0.03
200025, 0.54
200030, 0.28
200037, 0.27
200429, 0.47
200468, 0.07
200521, 0.05
200530, 0.04
200539, 0.11
200541, 0.1
200570, 0.13
200706, 0.15
200771, 0.37
200992, 0.31
300018, 1.64
300019, 6.85
300025, 1.23
300026, 0.8
300027, 0.81
300029, 1.43
300039, 0.78
300040, 3.24
300041, 1.94
300043, 0.87
300045, 1.04
300048, 2.24
300050, 1.04
300053, 1.07
300066, 0.73
300079, 0.84
300084, 2.7
300087, 0.75
300092, 1.47
300102, 4.28
300108, 1.16
300112, 1.8
300146, 0.62
300152, 3.91
300155, 0.95
300157, 1.56
300159, 2.08
300162, 1.8
300170, 1.53
300172, 2.86
300193, 2.73
300211, 1.83
300214, 1.1
300241, 1.9
300249, 0.62
300255, 0.56
300256, 3.65
300259, 0.88
300267, 0.57
300270, 1.28
300272, 0.75
300274, 1.01
300287, 1.43
300289, 0.75
300290, 2.4
300292, 1.61
300305, 1.31
300307, 0.68
300316, 0.47
300318, 1.19
300326, 0.9
300328, 0.69
300370, 3.99
300390, 13.28
