600023, 1.07
600027, 0.47
600051, 0.8
600059, 1.1
600078, 4.49
600101, 3.03
600112, 2.04
600143, 0.75
600151, 1.94
600166, 1.29
600175, 0.97
600178, 0.96
600180, 0.41
600188, 0.79
600189, 3.52
600208, 0.31
600218, 1.7
600222, 0.87
600240, 0.66
600251, 1.42
600255, 2.16
600267, 0.71
600268, 0.91
600280, 0.92
600281, 0.53
600287, 1.83
600289, 5.49
600290, 4.06
600295, 0.6
600302, 1.01
600311, 1.92
600323, 0.48
600325, 1.36
600331, 1.47
600333, 1.12
600336, 2.91
600359, 1.69
600377, 0.14
600393, 0.64
600396, 0.8
600405, 4.33
600432, 1.21
600449, 0.94
600461, 0.82
600470, 5.44
600480, 3.53
600487, 1.69
600488, 0.81
600503, 7.25
600505, 0.51
600516, 2.57
600517, 0.61
600561, 1.26
600595, 4.17
600609, 0.95
600616, 1.3
600622, 1.2
600624, 2.29
600634, 3.98
600638, 1.66
600641, 0.45
600644, 1.26
600684, 0.84
600727, 0.89
600728, 5.08
600735, 3.81
600741, 0.52
600755, 1.15
600758, 11.29
600761, 0.66
600776, 1.96
600784, 5.07
600794, 2.23
600807, 3.73
600814, 0.69
600830, 1.57
600831, 1.3
600844, 1.21
600886, 0.26
600888, 1.17
600961, 0.72
600985, 1.64
601002, 3.26
601003, 0.26
601177, 0.78
601218, 1.15
601225, 1.64
601226, 0.85
601288, 0.02
601328, 0.14
601398, 0.01
601588, 0.53
601633, 0.2
601678, 0.84
601798, 0.78
601880, 0.44
601899, 0.65
601901, 0.96
601939, 0.92
601968, 1.76
601988, 0.08
601999, 0.63
603011, 2.78
603077, 0.63
603167, 2.5
603169, 1.61
603606, 6.23
000021, 3.45
000026, 1.18
000030, 0.37
000060, 1.1
000153, 3.28
000413, 1.97
000417, 0.68
000419, 0.65
000507, 0.64
000510, 2.58
000519, 4.1
000521, 1.08
000572, 1.02
000589, 0.83
000591, 2.18
000655, 1.8
000657, 3.87
000671, 0.27
000708, 1.19
000713, 1.86
000721, 1.38
000722, 0.68
000726, 0.99
000731, 1.02
000751, 1.96
000807, 1.72
000811, 1.12
000812, 1.26
000816, 4.05
000822, 0.36
000862, 1.46
000889, 1.55
000903, 1.1
000908, 1.38
000913, 1.14
000926, 1.74
000928, 1.48
000935, 1.37
000939, 0.99
002011, 1.63
002015, 2.03
002021, 1.01
002028, 2.01
002033, 2.07
002042, 0.52
002064, 0.62
002084, 2.74
002098, 1.62
002099, 4.12
002105, 5.67
002115, 8.37
002118, 0.76
002146, 0.38
002160, 1.07
002165, 4.88
002166, 2.05
002178, 10.94
002194, 3.33
002198, 1.44
002204, 0.96
002216, 0.98
002218, 1.52
002226, 4.34
002243, 2.12
002250, 1.21
002251, 1.28
002258, 1.44
002277, 1.18
002293, 0.6
002302, 0.49
002327, 2.76
002328, 1.84
002334, 5.54
002376, 2.24
002388, 5.6
002404, 1.71
002406, 1.14
002433, 1.27
002476, 2.21
002478, 1.81
002479, 1.07
002483, 2.19
002501, 1.55
002534, 0.44
002547, 5.7
002578, 1.98
002598, 2.16
002607, 1.65
002636, 4.99
002666, 0.6
002678, 0.36
002700, 1.5
159901, 0
159902, 0
159922, 0
200020, 0.47
200026, 0.12
200030, 0.1
200045, 0.61
200055, 0.3
200058, 0.53
200413, 0.24
200468, 0.21
200530, 0.13
300022, 2.24
300039, 1.22
300094, 1.65
300105, 1.86
300107, 1.41
300164, 1.66
300175, 2.98
300179, 2.9
300181, 1.6
300214, 1.82
300218, 2.41
300283, 2.7
