600004, 0.26
600039, 3.32
600051, 1.47
600080, 1.26
600091, 0.5
600108, 1.75
600121, 1.85
600127, 3.96
600133, 3.83
600156, 0.88
600159, 1.9
600160, 2.98
600169, 1.03
600223, 1.21
600226, 0.91
600230, 0.98
600250, 1.72
600257, 7.18
600283, 3.16
600285, 1.3
600290, 5.05
600300, 0.55
600302, 2.51
600326, 5.25
600361, 0.61
600368, 0.72
600370, 2.89
600383, 0.51
600409, 0.41
600410, 10.2
600425, 1.76
600448, 3.23
600481, 0.44
600496, 2.46
600499, 1.76
600505, 0.75
600508, 0.47
600510, 1.1
600512, 4.87
600546, 0.6
600550, 0.38
600558, 1.07
600567, 0.63
600589, 3.46
600644, 2.78
600665, 0.73
600719, 1.89
600727, 2.32
600728, 1.09
600731, 2.07
600747, 2.75
600778, 2.44
600791, 2.4
600792, 0.67
600810, 0.76
600815, 0.61
600844, 1.58
600857, 1.13
600982, 0.87
600985, 1.39
600995, 0.8
600997, 1.77
601038, 0.72
601099, 3.12
601113, 0.58
601169, 0.29
601177, 1.91
601188, 0.37
601218, 2.0
601368, 1.82
601518, 1.35
601996, 1.03
601999, 0.92
603333, 2.13
000058, 11.24
000157, 1.13
000159, 2.4
000528, 1.09
000554, 4.18
000570, 7.67
000584, 1.86
000589, 0.89
000597, 1.0
000607, 6.0
000636, 2.26
000656, 12.9
000691, 1.72
000692, 2.02
000702, 2.18
000707, 1.41
000731, 3.78
000737, 3.75
000753, 3.16
000782, 7.61
000789, 1.28
000801, 1.41
000809, 0.81
000822, 0.97
000856, 1.49
000875, 4.57
000900, 0.68
000912, 1.32
000949, 2.0
000968, 0.73
000978, 2.76
000993, 1.24
002026, 1.07
002064, 0.46
002097, 1.59
002098, 1.95
002100, 2.21
002109, 1.36
002132, 4.75
002163, 1.76
002220, 1.29
002225, 1.93
002243, 2.06
002272, 2.81
002307, 4.59
002317, 2.28
002331, 2.53
002336, 1.4
002342, 1.02
002386, 2.68
002392, 2.16
002437, 0.5
002453, 3.93
002531, 0.84
002534, 0.58
002550, 1.13
002565, 3.62
002613, 2.75
002628, 11.66
002641, 0.53
002682, 12.58
002688, 1.28
002697, 1.19
200011, 0.4
200026, 0.29
200030, 1.62
200058, 1.05
200413, 1.72
200468, 0.1
200488, 0.27
200521, 0.09
200570, 0.7
200613, 0.07
200706, 0.22
200726, 0.14
300002, 1.4
300006, 1.4
300022, 2.2
300029, 3.25
300099, 3.63
300129, 1.69
300139, 3.65
300151, 1.16
300169, 2.3
300192, 1.61
300214, 2.31
300240, 1.72
300283, 4.39
