600008, 0.62
600031, 0.49
600039, 0.5
600067, 0.74
600077, 5.93
600108, 2.62
600133, 4.71
600159, 1.93
600186, 1.53
600202, 4.67
600227, 1.88
600238, 1.29
600261, 0.64
600285, 2.97
600290, 1.06
600313, 1.11
600325, 1.98
600326, 4.01
600336, 1.67
600383, 0.49
600415, 1.17
600425, 1.7
600448, 2.09
600462, 1.71
600493, 5.13
600495, 1.22
600496, 4.73
600509, 1.49
600512, 2.97
600526, 2.74
600546, 0.51
600565, 2.79
600581, 2.18
600644, 2.71
600664, 0.75
600728, 1.85
600743, 0.48
600778, 1.2
600780, 0.59
600791, 2.29
600802, 1.53
600815, 1.2
600820, 0.74
600857, 2.31
600982, 1.42
600995, 2.73
600997, 0.78
601011, 9.84
601100, 1.52
601179, 0.23
601188, 0.33
601218, 3.9
601368, 3.48
601518, 0.8
601669, 0.2
601678, 3.54
601801, 0.19
601999, 0.71
603333, 1.14
000006, 6.67
000157, 0.82
000404, 2.89
000528, 3.38
000554, 6.18
000589, 2.79
000597, 0.72
000606, 1.12
000607, 1.08
000610, 6.93
000673, 3.68
000679, 3.19
000691, 1.0
000731, 3.73
000737, 1.8
000753, 3.02
000822, 1.2
000875, 3.06
000912, 1.42
000928, 10.09
000936, 5.41
000949, 2.46
000962, 2.22
000965, 0.78
000976, 1.98
002042, 1.29
002045, 3.93
002084, 4.95
002097, 2.26
002100, 0.61
002109, 1.04
002225, 2.05
002231, 5.88
002233, 1.18
002386, 2.32
002392, 3.23
002404, 4.22
002437, 0.82
002442, 3.95
002453, 3.98
002455, 1.33
002486, 6.29
002528, 3.62
002534, 1.14
002542, 0.68
002550, 2.2
002560, 4.17
002575, 1.85
002593, 14.49
002613, 1.75
002641, 0.63
002671, 4.04
002688, 3.43
002693, 2.82
002697, 1.79
002700, 0.93
159927, 0
200022, 0.05
200026, 1.04
200030, 1.01
200413, 1.27
200429, 0.33
200488, 0.3
200706, 0.52
300082, 1.09
300083, 1.62
300175, 3.68
300217, 1.24
300225, 3.39
300320, 2.13
