600018, 0.11
600027, 0.33
600029, 1.14
600075, 6.65
600089, 0.48
600126, 1.93
600165, 3.61
600170, 1.21
600183, 3.03
600236, 0.92
600239, 6.92
600240, 1.87
600269, 0.76
600310, 0.77
600320, 0.63
600335, 1.38
600346, 0.65
600350, 0.37
600368, 2.0
600377, 0.09
600400, 1.04
600602, 3.34
600603, 0.83
600611, 2.87
600635, 2.34
600642, 0.35
600674, 0.24
600713, 2.4
600725, 0.36
600726, 2.08
600824, 1.76
600827, 1.23
600886, 1.0
600894, 1.07
600900, 0.12
601011, 12.46
601058, 1.07
601139, 0.15
601233, 1.64
601668, 0.36
601699, 0.74
601718, 1.12
601801, 0.46
601918, 0.76
601933, 0.5
601939, 0.63
601988, 0.04
000001, 0.92
000006, 9.1
000016, 2.81
000090, 3.78
000429, 1.94
000498, 8.07
000521, 5.82
000564, 8.03
000573, 3.71
000597, 1.26
000598, 1.17
000600, 1.09
000659, 2.26
000690, 1.35
000828, 2.32
000897, 7.16
000899, 1.33
000900, 0.92
000966, 1.57
000987, 4.88
002062, 1.92
002078, 1.01
002087, 1.94
002133, 7.14
002321, 5.48
002332, 0.81
002419, 1.07
002470, 0.86
002678, 0.83
200012, 0.21
200030, 0.42
200429, 1.89
200488, 0.21
200771, 0.32
300318, 6.71
