600004, 0.63
600011, 0.11
600012, 0.72
600029, 0.91
600031, 0.49
600039, 0.7
600048, 0.94
600052, 2.6
600067, 1.15
600068, 1.39
600078, 2.46
600089, 0.66
600099, 3.25
600108, 2.6
600112, 3.52
600121, 1.07
600123, 1.28
600125, 2.7
600130, 6.0
600133, 1.95
600143, 1.53
600152, 2.69
600159, 1.49
600160, 1.51
600163, 1.97
600166, 1.9
600168, 7.5
600176, 0.76
600202, 1.63
600208, 0.33
600210, 3.14
600213, 3.63
600217, 2.41
600219, 2.55
600222, 1.75
600223, 0.51
600225, 0.81
600239, 1.48
600240, 1.16
600246, 0.43
600255, 3.99
600261, 0.69
600267, 0.69
600268, 1.2
600275, 1.58
600280, 0.99
600281, 1.45
600287, 1.83
600288, 4.55
600292, 1.4
600302, 2.23
600320, 0.69
600323, 1.03
600326, 5.16
600327, 1.78
600336, 2.66
600348, 1.25
600350, 0.18
600353, 2.07
600354, 3.29
600355, 2.45
600361, 0.82
600368, 0.92
600375, 1.25
600376, 0.75
600380, 1.4
600388, 0.96
600396, 1.28
600397, 1.59
600422, 1.45
600432, 0.08
600448, 4.43
600449, 2.02
600461, 2.06
600466, 0.89
600483, 2.07
600487, 0.88
600488, 0.66
600490, 8.84
600495, 2.61
600496, 2.26
600500, 0.69
600503, 4.92
600505, 0.92
600508, 0.8
600509, 0.65
600512, 1.99
600515, 2.01
600516, 2.46
600561, 3.32
600580, 3.65
600586, 1.39
600597, 0.96
600598, 1.91
600609, 0.73
600616, 4.22
600621, 1.55
600624, 3.57
600642, 0.22
600644, 1.31
600655, 4.94
600658, 0.45
600683, 0.51
600684, 2.11
600708, 2.63
600716, 1.98
600720, 1.41
600723, 0.73
600724, 0.6
600730, 1.94
600736, 0.94
600740, 1.7
600747, 1.63
600755, 1.58
600758, 7.89
600761, 1.0
600791, 1.45
600802, 2.55
600810, 0.87
600815, 1.23
600824, 2.41
600828, 1.17
600830, 1.99
600831, 1.59
600844, 1.18
600846, 3.42
600853, 2.13
600858, 0.81
600865, 3.18
600874, 0.78
600888, 2.29
600890, 1.18
600900, 0.45
600917, 4.27
600959, 3.09
600961, 3.8
600963, 2.83
600971, 1.56
600979, 0.76
600981, 2.52
600992, 2.28
601011, 2.0
601028, 1.66
601038, 1.26
601058, 1.82
601088, 0.07
601117, 0.37
601139, 0.11
601188, 0.48
601208, 2.12
601216, 0.5
601218, 1.35
601226, 2.54
601288, 0.05
601328, 0.17
601339, 0.39
601368, 6.13
601398, 0.03
601519, 0.98
601608, 2.51
601633, 0.35
601666, 0.46
601678, 0.77
601717, 1.21
601798, 0.74
601818, 0.14
601880, 1.1
601899, 5.9
601969, 0.67
601996, 2.39
601998, 0.08
601999, 1.15
603077, 0.68
603111, 1.42
603123, 1.58
603126, 7.87
603167, 1.75
603333, 0.9
603366, 0.8
603618, 7.45
900905, 0.96
900929, 0.46
000009, 2.75
000010, 3.45
000012, 2.44
000027, 0.24
000029, 3.89
000030, 0.51
000039, 0.94
000040, 2.08
000058, 2.32
000088, 0.3
000089, 0.48
000157, 0.62
000301, 0.95
000338, 0.93
000416, 1.42
000417, 1.5
000422, 1.93
000428, 1.98
000430, 1.62
000507, 1.21
000510, 2.1
000514, 2.19
000521, 1.21
000543, 2.08
000548, 10.41
000564, 1.57
000589, 1.61
000599, 1.83
000607, 2.09
000616, 1.43
000627, 1.33
000637, 3.17
000652, 1.08
000656, 1.73
000682, 1.31
000692, 1.23
000707, 3.69
000713, 2.89
000715, 0.86
000721, 1.57
000722, 1.39
000723, 5.34
000731, 2.38
000735, 1.59
000739, 1.45
000753, 1.28
000756, 1.41
000782, 2.52
000785, 2.24
000786, 1.13
000788, 0.82
000789, 2.17
000812, 2.0
000822, 0.73
000825, 0.59
000837, 2.25
000850, 1.58
000856, 0.95
000877, 1.65
000888, 0.93
000900, 0.62
000905, 1.08
000918, 1.2
000930, 5.12
000937, 1.53
000949, 3.08
000951, 0.67
000993, 3.1
001896, 1.42
002005, 1.54
002015, 2.63
002021, 2.78
002026, 2.05
002028, 1.77
002029, 1.11
002033, 2.71
002047, 2.66
002060, 2.72
002062, 1.26
002064, 0.94
002083, 1.79
002092, 3.8
002098, 7.52
002109, 1.6
002128, 1.01
002132, 1.82
002146, 0.61
002163, 2.09
002166, 5.8
002168, 2.83
002170, 2.05
002187, 1.18
002220, 2.22
002225, 1.23
002258, 2.19
002267, 0.62
002277, 2.35
002282, 1.63
002285, 1.42
002288, 8.74
002302, 1.01
002307, 1.73
002327, 1.59
002330, 3.48
002336, 0.53
002337, 1.87
002342, 1.33
002344, 0.75
002360, 2.11
002377, 1.99
002381, 3.36
002386, 1.08
002391, 2.1
002404, 2.91
002420, 1.19
002429, 1.14
002433, 2.1
002470, 0.41
002471, 1.45
002481, 2.73
002489, 1.77
002528, 1.47
002538, 1.12
002559, 2.16
002563, 0.25
002575, 1.98
002584, 2.15
002593, 2.08
002601, 6.34
002614, 3.85
002628, 2.12
002634, 5.18
002648, 0.64
002689, 0.7
002697, 1.95
002700, 1.24
002701, 1.15
159901, 0
159902, 0
159909, 0
159919, 0
159922, 0
159927, 0
200011, 0.48
200012, 0.29
200026, 0.24
200029, 0.9
200030, 0.33
200056, 0.09
200058, 0.32
200413, 0.53
200468, 0.11
200488, 0.14
200512, 0.09
200521, 0.1
200530, 0.37
200706, 0.24
300039, 1.79
300058, 1.06
300064, 1.45
300090, 1.61
300105, 1.23
300107, 2.43
300129, 1.57
300164, 2.17
300179, 2.15
300181, 2.66
300189, 4.35
300214, 2.01
300247, 5.27
300255, 0.66
300301, 1.95
