600004, 0.34
600012, 0.86
600015, 0.3
600019, 0.18
600031, 0.26
600039, 0.86
600057, 0.65
600059, 0.54
600067, 0.6
600078, 1.9
600082, 1.24
600086, 0.81
600095, 0.94
600106, 1.32
600108, 1.13
600109, 3.54
600123, 1.5
600133, 2.14
600143, 0.36
600151, 0.56
600156, 1.43
600157, 0.63
600186, 1.99
600199, 2.7
600208, 0.25
600215, 1.49
600222, 2.32
600223, 1.26
600235, 1.69
600251, 1.39
600252, 1.54
600256, 0.29
600266, 0.55
600269, 0.43
600281, 1.76
600285, 3.03
600287, 1.21
600311, 2.39
600327, 1.74
600354, 2.16
600356, 1.35
600362, 0.97
600377, 0.05
600393, 1.66
600395, 1.21
600403, 0.19
600405, 1.62
600423, 5.24
600429, 0.8
600438, 1.77
600439, 1.19
600467, 1.86
600470, 2.53
600478, 1.98
600499, 4.73
600508, 1.15
600509, 1.15
600530, 1.43
600533, 0.98
600540, 4.79
600543, 1.6
600546, 0.59
600565, 1.21
600572, 0.59
600595, 3.03
600598, 0.42
600616, 0.82
600635, 0.92
600643, 1.46
600658, 0.65
600674, 0.21
600676, 0.53
600695, 1.43
600712, 0.73
600717, 0.66
600719, 2.44
600720, 1.37
600723, 0.69
600747, 2.36
600759, 1.79
600761, 1.16
600769, 0.79
600780, 0.34
600791, 1.08
600792, 1.12
600798, 1.04
600802, 1.71
600812, 0.75
600815, 1.42
600820, 0.7
600823, 0.25
600824, 0.86
600827, 0.46
600828, 1.22
600834, 0.34
600841, 0.46
600846, 1.37
600851, 0.74
600854, 0.91
600860, 1.52
600863, 0.24
600864, 1.39
600865, 1.24
600866, 1.29
600961, 1.96
600966, 1.12
600967, 1.31
600973, 1.75
600982, 1.23
600984, 1.18
601000, 0.33
601003, 0.22
601006, 0.14
601009, 0.63
601010, 0.75
601058, 1.26
601107, 0.38
601117, 0.37
601118, 0.67
601169, 0.17
601208, 0.84
601233, 0.81
601288, 0.02
601328, 0.11
601377, 1.19
601600, 0.82
601616, 2.1
601678, 0.94
601717, 0.9
601886, 1.44
601899, 0.54
601901, 0.95
601908, 0.76
601928, 0.42
601939, 0.48
601958, 0.33
601969, 0.43
601992, 0.31
601996, 3.23
603002, 1.36
603167, 1.29
603366, 2.2
603369, 0.58
