600004, 0.33
600015, 0.94
600033, 0.57
600057, 0.76
600063, 2.11
600067, 0.96
600078, 4.04
600082, 1.73
600086, 1.88
600106, 0.91
600141, 4.54
600143, 0.66
600156, 1.3
600162, 0.7
600186, 1.32
600207, 2.21
600208, 0.64
600218, 5.03
600219, 0.99
600222, 3.78
600235, 2.31
600251, 1.32
600252, 11.31
600261, 0.61
600267, 0.52
600285, 1.37
600288, 20.0
600290, 1.17
600305, 0.82
600311, 2.29
600351, 1.46
600354, 2.05
600356, 1.08
600362, 1.16
600393, 1.77
600398, 0.52
600405, 3.21
600425, 2.12
600429, 0.49
600438, 0.75
600439, 0.94
600449, 1.63
600467, 9.61
600470, 2.96
600481, 0.82
600497, 1.85
600509, 2.11
600530, 0.96
600533, 1.42
600540, 2.02
600555, 2.61
600575, 0.93
600595, 1.87
600597, 0.4
600635, 0.67
600652, 3.2
600655, 0.69
600664, 0.22
600683, 0.87
600711, 2.06
600717, 0.6
600723, 0.43
600727, 1.48
600738, 1.67
600744, 3.26
600751, 6.13
600757, 1.22
600761, 0.78
600770, 1.16
600791, 1.67
600802, 5.32
600805, 0.86
600810, 0.9
600812, 0.53
600819, 0.66
600824, 0.71
600827, 0.33
600828, 1.92
600858, 0.69
600860, 2.62
600864, 1.33
600882, 1.82
600888, 3.02
600889, 1.63
600891, 3.83
600973, 0.89
600975, 19.26
600981, 2.32
601009, 0.73
601010, 4.98
601058, 1.31
601107, 0.41
601113, 1.26
601116, 0.57
601169, 0.26
601368, 3.02
601377, 1.24
601515, 0.63
601636, 0.78
601777, 1.09
601886, 1.05
601899, 0.96
601901, 1.12
601908, 0.47
601928, 0.81
601939, 0.81
601958, 0.44
601992, 0.34
603318, 5.84
603333, 0.74
603969, 3.36
000012, 1.18
000060, 1.78
000153, 1.5
000166, 0.86
000401, 1.29
000417, 0.93
000428, 0.82
000514, 1.41
000516, 0.93
000523, 1.97
000530, 3.81
000537, 1.3
000545, 2.82
000551, 4.67
000557, 2.15
000601, 1.38
000619, 2.58
000650, 1.02
000672, 1.84
000713, 1.64
000718, 2.6
000737, 4.48
000750, 1.8
000751, 2.68
000753, 2.01
000756, 3.63
000782, 4.27
000783, 0.87
000788, 0.67
000789, 3.33
000793, 3.46
000798, 1.58
000822, 2.6
000825, 0.73
000830, 1.88
000831, 2.22
000850, 2.57
000856, 0.88
000859, 3.21
000868, 4.04
000893, 4.26
000906, 1.09
000931, 1.42
000939, 0.8
000955, 2.36
000978, 1.98
000981, 0.29
000982, 4.44
001896, 1.48
002002, 0.5
002012, 4.33
002019, 5.2
002021, 2.24
002028, 1.76
002047, 5.85
002068, 5.15
002086, 1.14
002092, 6.08
002109, 1.8
002139, 2.47
002145, 5.02
002146, 0.98
002168, 3.09
002187, 1.03
002191, 0.83
002195, 2.94
002203, 0.92
002214, 1.12
002215, 2.14
002216, 2.05
002220, 5.28
002233, 0.98
002277, 1.25
002291, 7.46
002302, 1.93
002305, 0.57
002328, 6.04
002334, 1.22
002337, 2.68
002345, 0.93
002351, 11.61
002363, 2.08
002369, 2.38
002378, 3.25
002388, 2.52
002392, 1.73
002398, 1.45
002404, 2.3
002419, 0.69
002420, 1.25
002451, 1.44
002453, 4.27
002457, 6.38
002461, 0.62
002469, 1.94
002481, 3.4
002500, 1.26
002520, 1.35
002521, 3.36
002523, 3.39
002535, 14.96
002556, 1.47
002561, 0.63
002583, 1.99
002598, 2.1
002604, 9.43
002607, 2.22
002628, 3.11
002697, 5.7
002770, 3.15
159919, 0
200017, 0.22
200429, 0.45
200613, 0.03
300083, 9.37
300105, 10.7
300126, 3.52
300129, 2.8
300135, 2.55
300147, 1.42
300169, 2.98
300206, 2.34
300217, 6.13
300247, 8.33
300255, 1.46
300283, 3.28
300303, 5.88
300305, 1.91
300328, 1.26
300345, 8.1
300390, 5.97
