600015, 1.71
600016, 0.56
600023, 3.13
600026, 1.56
600027, 0.84
600028, 0.17
600031, 0.66
600033, 1.43
600050, 0.84
600077, 3.66
600082, 1.72
600089, 1.61
600126, 1.53
600159, 5.16
600165, 2.26
600175, 0.76
600221, 2.12
600234, 1.75
600236, 2.41
600261, 1.32
600269, 2.1
600275, 2.13
600279, 3.12
600284, 2.6
600322, 7.09
600336, 4.0
600346, 1.09
600352, 1.63
600353, 2.56
600368, 3.06
600377, 0.29
600415, 0.86
600422, 2.55
600426, 1.53
600439, 1.67
600449, 3.31
600477, 4.09
600488, 0.76
600507, 1.11
600508, 1.36
600546, 0.76
600583, 1.79
600603, 1.32
600611, 3.67
600618, 1.11
600674, 0.81
600684, 5.43
600720, 1.99
600723, 1.13
600724, 1.54
600755, 3.5
600791, 4.45
600795, 0.95
600806, 1.53
600810, 1.9
600820, 2.35
600823, 1.61
600824, 2.02
600825, 1.44
600827, 1.31
600844, 1.28
600863, 2.53
600865, 2.43
600882, 2.32
600886, 2.73
600963, 2.39
600970, 1.63
600971, 4.44
600997, 1.3
601009, 2.07
601139, 0.25
601199, 2.92
601333, 0.8
601800, 0.43
601801, 0.65
601818, 0.54
601898, 0.21
601933, 1.78
601939, 1.72
601988, 0.13
601991, 0.22
601998, 0.29
000001, 1.3
000016, 3.25
000019, 15.64
000027, 0.73
000029, 3.86
000031, 5.16
000069, 1.7
000088, 1.01
000089, 0.99
000090, 5.43
000404, 3.22
000429, 3.05
000488, 4.8
000507, 2.52
000514, 3.2
000521, 2.81
000533, 1.38
000537, 7.56
000539, 0.96
000540, 4.19
000566, 4.12
000597, 1.41
000598, 2.13
000600, 1.78
000652, 2.03
000667, 5.08
000690, 2.27
000703, 1.61
000709, 1.27
000717, 1.58
000825, 0.69
000856, 0.6
000862, 1.89
000863, 2.28
000877, 3.06
000897, 3.14
000898, 0.37
000899, 1.51
000902, 1.35
000937, 1.27
000959, 4.65
000965, 2.0
000978, 5.35
002033, 2.75
002078, 1.36
002087, 3.14
002099, 3.48
002128, 1.57
002133, 12.29
002187, 1.46
002264, 2.6
002277, 1.45
002305, 2.02
002321, 3.15
002332, 2.0
002419, 1.4
002480, 1.91
002509, 3.12
002561, 1.95
002648, 1.66
002665, 0.88
159919, 0
159927, 0
200011, 1.05
200012, 0.32
200016, 0.37
200429, 0.49
200488, 0.61
200521, 0.3
200541, 0.27
300064, 3.1
300090, 2.31
300152, 3.41
300175, 3.66
