600004, 0.5
600015, 0.41
600019, 0.24
600031, 1.05
600033, 0.63
600057, 0.72
600063, 3.22
600067, 2.0
600068, 1.16
600080, 2.16
600086, 5.86
600095, 1.63
600096, 2.95
600108, 2.17
600111, 1.61
600123, 3.53
600130, 21.31
600143, 2.21
600156, 2.61
600157, 0.95
600162, 2.73
600170, 0.64
600187, 9.42
600190, 0.55
600207, 1.39
600208, 0.4
600210, 2.44
600215, 2.87
600218, 3.2
600219, 4.04
600220, 1.37
600222, 6.43
600225, 3.37
600235, 2.82
600251, 3.9
600252, 5.71
600261, 0.77
600277, 1.34
600285, 1.34
600305, 0.96
600308, 2.45
600311, 8.43
600354, 3.53
600356, 1.87
600360, 7.66
600361, 1.51
600387, 1.57
600393, 1.3
600395, 3.47
600397, 2.29
600398, 0.54
600405, 3.18
600425, 1.63
600429, 0.66
600438, 0.63
600449, 1.92
600478, 1.02
600497, 2.71
600508, 1.52
600509, 1.49
600531, 12.14
600533, 3.05
600540, 2.21
600548, 0.3
600555, 2.42
600558, 13.19
600561, 1.91
600565, 4.68
600567, 3.5
600575, 1.0
600598, 1.32
600616, 1.81
600641, 0.77
600642, 0.29
600655, 3.3
600664, 0.31
600676, 1.21
600683, 0.62
600691, 5.55
600707, 9.77
600711, 7.57
600712, 4.69
600720, 1.91
600723, 0.6
600727, 2.31
600738, 2.81
600744, 1.25
600757, 1.24
600761, 1.65
600765, 1.59
600778, 1.28
600780, 0.65
600789, 3.86
600790, 1.92
600791, 1.8
600792, 2.08
600798, 1.88
600801, 1.38
600805, 1.27
600810, 1.06
600812, 0.7
600819, 1.36
600824, 1.95
600828, 1.2
600846, 2.65
600854, 1.7
600858, 0.61
600860, 2.83
600864, 1.05
600865, 2.06
600880, 1.64
600881, 1.13
600882, 0.87
600888, 3.04
600889, 1.58
600891, 13.73
600966, 1.3
600981, 3.45
600982, 2.14
601002, 4.64
601006, 0.29
601008, 1.31
601009, 0.55
601010, 4.08
601107, 0.38
601113, 0.96
601117, 0.91
601118, 2.45
601126, 1.13
601139, 0.18
601168, 1.26
601169, 0.19
601218, 1.73
601231, 0.41
601328, 0.17
601368, 3.65
601377, 1.12
601515, 0.59
601636, 1.53
601666, 1.83
601717, 1.19
601777, 1.32
601818, 0.21
601886, 0.99
601899, 4.89
601901, 1.3
601928, 0.72
601939, 1.15
601958, 0.4
603002, 2.0
603015, 4.35
603333, 2.06
603366, 0.81
603993, 0.37
000153, 2.44
000166, 0.55
000301, 1.48
000417, 1.49
000429, 1.27
000506, 4.91
000509, 7.59
000514, 1.97
000537, 1.28
000557, 2.78
000572, 1.34
000595, 8.9
000601, 1.15
000619, 1.87
000650, 1.89
000692, 2.04
000698, 6.91
000713, 1.68
000737, 4.97
000750, 2.12
000751, 6.12
000753, 1.97
000756, 4.06
000758, 2.61
000759, 0.45
000782, 6.62
000783, 1.27
000793, 1.78
000800, 2.03
000816, 3.52
000822, 1.97
000830, 2.49
000831, 1.51
000833, 5.14
000850, 3.36
000856, 0.78
000859, 4.53
000868, 1.61
000906, 1.13
000927, 6.6
000931, 2.08
000937, 3.08
000955, 4.74
000978, 1.91
000981, 0.28
002002, 1.29
002028, 2.45
002029, 1.37
002086, 2.57
002097, 3.94
002109, 1.56
002145, 4.9
002146, 0.92
002154, 8.5
002187, 0.79
002195, 2.34
002214, 1.35
002215, 1.13
002216, 0.71
002231, 3.25
002232, 1.21
002248, 16.08
002269, 0.86
002277, 1.79
002293, 0.82
002302, 1.17
002328, 3.21
002334, 4.22
002337, 2.54
002342, 7.97
002344, 4.06
002345, 2.93
002363, 2.02
002369, 2.78
002388, 1.57
002392, 9.65
002397, 1.71
002398, 1.58
002404, 5.92
002419, 1.34
002420, 1.86
002451, 1.35
002453, 3.83
002457, 2.95
002461, 1.1
002469, 2.33
002484, 0.92
002500, 2.73
002504, 3.15
002520, 1.18
002521, 2.62
002531, 1.55
002535, 3.8
002540, 1.25
002561, 0.79
002579, 1.81
002598, 2.4
002600, 4.82
002604, 4.76
002607, 2.15
002641, 0.69
002682, 3.82
002683, 1.17
002687, 7.37
002770, 8.43
200017, 0.23
200019, 1.06
200026, 0.71
200613, 0.01
300039, 1.77
300102, 4.73
300135, 4.05
300147, 1.18
300175, 2.82
300181, 6.68
300193, 4.08
300211, 2.73
300214, 3.16
300217, 2.97
300239, 1.74
300255, 2.4
300256, 4.86
300283, 2.14
300305, 2.46
300345, 5.9
300390, 7.93
