600004, 0.65
600039, 0.71
600091, 0.36
600105, 2.51
600126, 2.86
600169, 0.75
600222, 3.52
600250, 4.27
600273, 9.72
600275, 2.71
600326, 1.86
600335, 2.94
600346, 2.51
600375, 1.51
600390, 2.34
600416, 1.6
600425, 1.88
600439, 1.17
600505, 1.19
600507, 0.86
600597, 0.55
600603, 0.76
600608, 0.69
600693, 1.89
600725, 0.97
600736, 0.98
600760, 2.51
600790, 1.29
600802, 1.42
600810, 1.44
600844, 2.21
600853, 9.37
600858, 0.67
600866, 2.35
600979, 1.54
601007, 1.41
601116, 0.56
601188, 0.97
601288, 0.02
601398, 0.02
601618, 0.84
601727, 0.2
601928, 0.36
601996, 1.45
000036, 1.62
000153, 8.05
000157, 0.61
000420, 3.47
000422, 2.72
000546, 1.67
000571, 2.05
000601, 0.65
000655, 2.42
000667, 2.29
000671, 1.06
000709, 1.01
000719, 0.95
000753, 0.93
000759, 0.36
000809, 0.83
000856, 0.47
000877, 2.01
000882, 1.3
000900, 2.22
000995, 3.06
002020, 5.7
002050, 0.75
002087, 2.62
002132, 2.8
002187, 0.71
002198, 2.05
002204, 1.1
002216, 3.19
002221, 0.67
002317, 3.19
002348, 2.71
002628, 1.22
002701, 3.73
159927, 0
200020, 0.67
200054, 0.13
200056, 0.26
200541, 0.1
200613, 0.08
300090, 4.86
300232, 1.19
300255, 1.46
300301, 3.09
300320, 3.55
