600039, 1.09
600051, 2.38
600108, 1.82
600127, 1.5
600133, 2.95
600159, 3.09
600169, 0.93
600179, 1.6
600223, 2.02
600226, 1.7
600238, 0.97
600250, 2.69
600261, 0.37
600285, 1.69
600290, 1.31
600302, 5.02
600322, 4.21
600326, 4.53
600368, 1.06
600370, 5.25
600383, 1.18
600415, 1.41
600425, 1.16
600448, 3.25
600462, 1.18
600481, 0.51
600496, 3.42
600499, 2.68
600505, 0.64
600508, 0.84
600510, 1.22
600512, 6.46
600546, 0.95
600550, 0.46
600558, 1.11
600561, 1.97
600567, 0.93
600572, 1.03
600589, 3.47
600644, 1.98
600665, 1.59
600719, 1.3
600727, 1.97
600728, 1.61
600731, 3.01
600743, 1.21
600747, 4.14
600778, 3.27
600780, 0.45
600791, 3.53
600844, 2.03
600857, 1.13
600866, 1.88
600967, 1.28
600982, 1.57
600985, 1.18
600995, 1.1
600997, 1.58
601113, 0.82
601177, 1.63
601188, 0.74
601218, 2.37
601518, 1.4
601999, 1.32
603333, 2.0
000058, 4.55
000159, 2.72
000528, 1.03
000554, 6.11
000561, 1.03
000570, 7.3
000589, 1.37
000597, 1.3
000606, 2.76
000607, 7.08
000636, 2.44
000656, 3.33
000692, 3.84
000707, 2.14
000731, 6.93
000737, 1.7
000753, 2.45
000789, 2.15
000801, 0.83
000822, 1.08
000856, 0.68
000875, 3.68
000912, 1.26
000949, 1.29
000968, 0.68
000976, 4.08
002064, 0.8
002100, 1.51
002109, 1.36
002135, 2.88
002163, 1.55
002220, 1.64
002225, 1.85
002243, 2.86
002272, 3.09
002307, 2.69
002317, 4.37
002331, 3.8
002336, 0.64
002342, 0.77
002386, 1.78
002392, 2.72
002437, 0.57
002453, 2.08
002486, 3.15
002514, 2.4
002534, 0.87
002550, 1.81
002565, 1.34
002613, 3.07
002628, 5.93
002682, 7.01
002687, 6.37
002688, 1.15
002697, 1.41
200011, 0.47
200026, 0.42
200030, 1.1
200058, 2.57
200429, 0.35
200468, 0.25
200488, 0.66
200521, 0.43
200570, 0.36
200613, 0.08
200706, 0.18
300022, 2.4
300029, 2.48
300082, 0.77
300151, 1.86
300192, 1.9
300214, 2.17
300259, 3.57
