600015, 0.47
600020, 0.98
600027, 0.59
600048, 0.73
600126, 1.62
600215, 3.1
600216, 2.35
600227, 1.8
600234, 0.79
600236, 1.04
600269, 0.83
600275, 6.0
600284, 1.4
600310, 1.6
600346, 0.79
600350, 0.45
600376, 1.22
600400, 0.67
600422, 2.06
600449, 2.93
600503, 12.76
600512, 21.76
600538, 2.19
600603, 0.98
600611, 5.4
600635, 2.05
600642, 0.41
600674, 0.32
600683, 2.44
600684, 2.97
600713, 1.05
600725, 0.43
600726, 1.66
600801, 2.21
600824, 1.6
600825, 1.8
600851, 0.97
600900, 0.12
600997, 1.53
601058, 10.15
601139, 0.26
601158, 0.87
601199, 3.58
601216, 0.65
601668, 0.89
601699, 1.58
601801, 0.24
601898, 0.31
601918, 1.19
601988, 0.04
000011, 7.13
000016, 6.62
000089, 0.52
000090, 2.21
000488, 2.19
000507, 1.57
000533, 1.01
000564, 3.28
000598, 3.55
000600, 0.93
000659, 1.02
000690, 0.76
000830, 1.36
000856, 0.95
000863, 0.89
000900, 0.62
000932, 9.03
000937, 0.89
000966, 1.14
002087, 2.49
002099, 2.24
002128, 1.59
002133, 4.51
002146, 0.92
002187, 2.92
002277, 1.24
002302, 2.43
002303, 2.52
002305, 0.95
002332, 0.91
002397, 5.78
002419, 0.93
002561, 1.77
002648, 3.23
002665, 0.59
200012, 0.18
200016, 0.46
200030, 0.39
200429, 0.38
200488, 0.69
200541, 0.26
200771, 0.5
