600035, 0.84
600082, 3.3
600110, 7.39
600122, 4.69
600227, 2.21
600232, 5.46
600277, 2.28
600282, 2.33
600311, 3.08
600319, 0.46
600339, 2.71
600375, 1.73
600415, 0.8
600462, 3.61
600567, 1.72
600614, 1.51
600686, 1.5
600691, 5.0
600720, 4.03
600727, 5.46
600761, 1.4
600866, 1.08
600959, 1.28
600967, 1.56
601015, 2.96
601717, 2.02
601718, 1.43
000422, 4.94
000428, 1.15
000570, 3.48
000683, 6.98
000698, 6.95
000725, 2.2
000731, 8.59
000789, 2.76
000949, 1.64
000962, 1.38
002061, 5.63
002064, 2.74
002069, 0.53
002087, 8.57
002109, 1.52
002187, 2.28
002215, 1.82
002258, 2.78
002263, 3.92
002269, 4.3
002321, 10.21
002330, 1.28
002418, 6.38
002570, 1.43
200011, 0.49
200055, 0.15
200488, 0.25
300129, 1.12
300197, 2.53
