600008, 0.35
600016, 0.36
600017, 0.89
600018, 0.05
600020, 0.49
600026, 0.54
600028, 0.06
600031, 0.28
600033, 0.37
600039, 0.57
600057, 0.85
600063, 0.81
600067, 0.66
600077, 0.76
600078, 1.12
600082, 0.98
600089, 0.93
600094, 2.79
600095, 0.71
600103, 1.68
600108, 3.91
600109, 0.89
600123, 1.43
600126, 1.84
600127, 2.43
600143, 0.59
600157, 0.55
600159, 0.69
600160, 1.45
600163, 1.7
600169, 0.59
600170, 0.28
600175, 1.27
600183, 0.77
600186, 1.7
600187, 0.43
600190, 0.49
600202, 0.95
600207, 1.09
600208, 0.35
600215, 1.13
600216, 2.93
600218, 1.95
600220, 2.43
600221, 0.68
600222, 0.99
600223, 0.43
600227, 1.93
600238, 1.07
600243, 1.14
600246, 0.25
600252, 0.55
600256, 0.53
600257, 4.6
600261, 0.8
600268, 1.22
600269, 0.53
600275, 1.21
600284, 1.07
600288, 1.78
600289, 2.32
600290, 1.04
600292, 1.81
600295, 0.68
600302, 1.09
600322, 0.78
600335, 0.92
600336, 1.63
600337, 0.63
600346, 1.15
600350, 0.18
600354, 1.55
600355, 3.86
600368, 0.77
600376, 0.46
600380, 1.28
600387, 1.52
600388, 0.89
600396, 1.37
600405, 3.29
600415, 0.29
600425, 0.67
600428, 0.71
600439, 2.79
600448, 2.26
600461, 1.31
600462, 1.75
600466, 0.67
600488, 0.5
600495, 1.48
600508, 0.75
600512, 1.6
600516, 1.82
600533, 0.88
600537, 5.82
600546, 0.46
600548, 0.23
600550, 0.31
600565, 1.99
600578, 0.19
600580, 4.76
600582, 0.39
600583, 0.71
600586, 2.0
600596, 1.06
600598, 1.46
600601, 0.83
600617, 1.44
600626, 1.09
600628, 0.47
600635, 0.71
600642, 0.22
600657, 0.32
600658, 0.61
600664, 0.27
600665, 0.47
600673, 0.78
600674, 0.37
600683, 0.21
600684, 1.94
600688, 0.84
600691, 1.3
600695, 0.83
600698, 1.71
600708, 1.49
600713, 1.26
600720, 0.6
600722, 0.64
600723, 0.3
600724, 0.39
600726, 2.0
600727, 1.03
600728, 1.56
600744, 9.56
600747, 1.19
600757, 0.89
600759, 1.32
600761, 0.81
600767, 2.22
600776, 1.58
600780, 0.65
600790, 1.27
600791, 0.77
600792, 1.35
600798, 1.05
600810, 1.13
600811, 1.75
600812, 0.45
600814, 2.7
600815, 1.03
600819, 0.5
600820, 0.57
600824, 0.57
600825, 0.47
600830, 1.56
600838, 2.0
600853, 0.95
600858, 0.51
600863, 1.02
600864, 0.8
600865, 1.9
600868, 7.63
600871, 3.32
600874, 0.43
600875, 0.46
600880, 2.91
600881, 0.93
600894, 1.31
600898, 1.86
600900, 0.25
600917, 2.5
600963, 1.73
600965, 0.56
600966, 1.61
600979, 0.52
600981, 2.65
600985, 1.38
600992, 0.78
601002, 2.23
601010, 0.37
601011, 1.63
601016, 1.22
601038, 0.73
601058, 1.44
601099, 1.4
601117, 0.16
601158, 0.09
601177, 0.62
601188, 0.22
601216, 0.28
601218, 0.9
601226, 1.97
601233, 0.56
601333, 0.43
601339, 0.33
601369, 0.3
601390, 0.18
601588, 0.52
601616, 1.57
601618, 0.34
601636, 0.96
601666, 0.45
601668, 0.24
601669, 0.17
601678, 0.52
601700, 0.58
601717, 0.6
601727, 0.16
601800, 0.1
601808, 0.13
601818, 0.15
601857, 0.01
601880, 0.9
601919, 0.3
601928, 0.31
601929, 0.71
601933, 0.56
601939, 0.66
601968, 2.13
601985, 1.64
601991, 0.13
601998, 0.1
603123, 1.17
603167, 1.42
603366, 1.8
000006, 1.09
000009, 2.88
000010, 1.35
000011, 6.73
000012, 1.22
000016, 2.0
000026, 1.24
000027, 0.37
000029, 1.19
000035, 1.62
000036, 0.76
000046, 0.11
000058, 5.05
000061, 0.29
000078, 1.9
000089, 0.88
000096, 0.86
000100, 0.56
000153, 1.31
000157, 0.35
000301, 0.68
000338, 1.45
000401, 1.13
000402, 0.65
000417, 0.63
000420, 1.06
000422, 1.07
000425, 0.46
000428, 0.82
000509, 2.27
000510, 1.42
000514, 1.86
000521, 2.13
000525, 0.99
000528, 0.68
000533, 1.02
000540, 0.67
000554, 2.47
000563, 0.78
000572, 0.76
000584, 2.03
000585, 2.85
000589, 0.77
000597, 0.71
000598, 0.65
000599, 3.77
000600, 0.92
000607, 1.31
000608, 7.28
000616, 0.87
000627, 0.93
000631, 0.44
000637, 1.78
000652, 1.32
000656, 0.73
000663, 1.54
000671, 0.27
000673, 1.18
000678, 3.9
000680, 1.14
000682, 1.09
000685, 0.62
000690, 1.37
000692, 0.83
000698, 1.63
000721, 2.28
000726, 1.31
000731, 2.47
000735, 1.49
000753, 0.99
000778, 1.33
000780, 2.4
000789, 0.97
000793, 1.66
000809, 0.73
000812, 1.35
000816, 1.62
000822, 0.47
000825, 0.59
000828, 0.41
000830, 0.61
000837, 1.22
000850, 0.93
000859, 1.53
000875, 13.41
000877, 0.76
000880, 1.96
000883, 0.32
000897, 0.63
000898, 0.35
000900, 0.62
000921, 1.32
000926, 1.35
000931, 0.78
000949, 1.12
000959, 1.42
000972, 1.29
000976, 1.8
000993, 2.01
001696, 2.0
002004, 0.86
002005, 0.95
002011, 0.99
002016, 0.71
002018, 1.49
002028, 1.4
002029, 0.87
002061, 1.14
002062, 2.15
002064, 0.58
002067, 4.03
002081, 0.68
002083, 2.32
002084, 1.54
002093, 1.78
002100, 2.27
002109, 2.15
002122, 0.44
002132, 4.54
002146, 0.29
002154, 1.27
002163, 1.26
002170, 1.95
002181, 2.89
002187, 0.54
002195, 2.49
002215, 5.43
002216, 0.85
002220, 1.2
002225, 1.04
002226, 3.11
002233, 0.89
002243, 1.18
002244, 0.52
002248, 2.88
002267, 0.4
002282, 1.09
002293, 0.46
002307, 1.0
002314, 0.24
002337, 0.9
002342, 0.97
002344, 0.6
002375, 0.87
002376, 1.0
002382, 0.8
002385, 1.18
002392, 1.23
002404, 2.37
002420, 0.91
002429, 0.78
002430, 7.97
002461, 1.11
002463, 2.04
002471, 1.03
002480, 1.14
002489, 1.47
002490, 3.35
002493, 0.12
002498, 0.48
002503, 0.33
002513, 0.57
002516, 1.59
002538, 1.15
002542, 0.93
002549, 0.88
002575, 1.7
002584, 2.64
002585, 2.02
002593, 1.75
002634, 4.38
002641, 0.3
002648, 0.44
002665, 2.62
002683, 0.94
002689, 0.64
002692, 1.52
002700, 0.65
159901, 0
159902, 0
159909, 0
159911, 0
159919, 0
159922, 0
159927, 0
200011, 0.16
200012, 0.19
200022, 0.42
200026, 0.48
200029, 0.26
200058, 1.3
200429, 0.59
200488, 0.77
200512, 0.23
200521, 0.19
200541, 0.28
200570, 0.12
200771, 0.71
200992, 0.45
300029, 1.63
300050, 1.71
300079, 2.68
300090, 1.84
300095, 3.83
300105, 1.01
300107, 2.4
300108, 3.72
300129, 1.23
300132, 3.33
300146, 1.74
300150, 3.96
300164, 2.0
300172, 1.16
300181, 2.14
300185, 1.9
300187, 1.02
300197, 0.92
300206, 4.3
300214, 2.51
300240, 2.29
300247, 13.52
300267, 0.62
300301, 4.64
300345, 3.65
