600008, 0.59
600016, 0.3
600026, 0.39
600028, 0.06
600033, 0.44
600039, 0.44
600050, 0.28
600057, 2.58
600063, 0.85
600077, 0.91
600082, 2.25
600089, 0.52
600095, 1.26
600103, 3.83
600108, 2.46
600112, 4.9
600121, 1.04
600127, 3.98
600133, 1.33
600143, 0.43
600157, 0.57
600159, 0.81
600160, 1.04
600163, 1.97
600169, 0.77
600170, 0.35
600175, 1.03
600177, 0.76
600185, 1.09
600186, 0.92
600187, 1.05
600202, 2.25
600207, 0.88
600208, 0.39
600215, 2.56
600216, 2.15
600218, 2.77
600220, 1.37
600221, 0.68
600222, 2.2
600223, 0.62
600227, 1.65
600238, 0.88
600243, 2.27
600249, 2.83
600252, 0.59
600256, 0.36
600266, 1.4
600267, 0.51
600268, 1.16
600269, 0.32
600275, 4.88
600279, 3.15
600281, 0.54
600284, 1.87
600288, 6.01
600292, 1.31
600295, 0.63
600302, 1.57
600322, 1.08
600323, 0.99
600335, 1.17
600336, 7.66
600337, 0.58
600353, 2.85
600355, 4.95
600356, 2.03
600368, 1.71
600376, 0.39
600380, 1.01
600387, 1.99
600388, 0.89
600389, 1.11
600405, 4.36
600415, 1.58
600428, 1.54
600438, 0.99
600439, 1.02
600448, 1.78
600461, 5.01
600462, 7.32
600463, 1.99
600488, 0.7
600503, 6.77
600512, 4.06
600533, 1.16
600537, 7.82
600548, 0.16
600555, 2.33
600561, 2.65
600565, 5.16
600578, 0.17
600583, 0.47
600586, 1.51
600596, 1.1
600598, 0.8
600608, 0.45
600617, 1.24
600621, 2.51
600626, 4.2
600628, 2.0
600635, 1.32
600657, 0.3
600664, 0.29
600665, 0.59
600674, 0.42
600676, 1.54
600678, 2.85
600683, 0.49
600695, 1.38
600698, 1.68
600708, 5.36
600716, 1.31
600720, 0.63
600722, 2.26
600723, 0.33
600724, 1.3
600726, 0.73
600736, 0.89
600744, 2.8
600747, 1.51
600757, 1.16
600780, 0.66
600791, 1.34
600798, 1.01
600806, 0.7
600810, 1.16
600811, 0.66
600812, 0.83
600814, 2.52
600819, 0.65
600820, 1.05
600825, 1.12
600827, 0.88
600829, 0.46
600830, 2.53
600853, 1.29
600860, 6.52
600863, 0.34
600864, 1.01
600865, 1.74
600868, 2.96
600871, 2.1
600874, 0.68
600875, 0.61
600880, 3.49
600881, 1.1
600886, 0.64
600898, 1.75
600978, 3.6
600979, 0.79
600981, 2.14
600985, 3.0
601002, 4.92
601011, 3.08
601038, 0.72
601058, 1.19
601158, 0.5
601177, 1.36
601179, 0.25
601188, 0.55
601216, 0.26
601218, 1.25
601233, 2.05
601333, 0.52
601377, 1.03
601618, 0.22
601668, 0.2
601700, 0.62
601717, 0.81
601800, 0.09
601808, 0.16
601857, 0.01
601872, 0.4
601886, 1.47
601919, 0.33
601928, 0.5
601929, 0.65
601933, 0.47
601939, 0.66
601991, 0.08
601996, 1.14
603123, 3.68
603366, 0.77
000005, 1.71
000006, 1.31
000010, 3.97
000011, 8.52
000016, 4.11
000026, 2.75
000027, 0.2
000029, 1.16
000040, 1.19
000069, 0.17
000089, 0.48
000096, 0.69
000100, 1.37
000153, 2.12
000158, 1.81
000301, 0.81
000338, 1.31
000420, 1.36
000425, 0.55
000428, 1.5
000430, 2.48
000509, 2.07
000510, 4.46
000514, 2.43
000518, 1.06
000521, 2.15
000525, 1.27
000533, 0.89
000540, 0.58
000554, 2.65
000557, 1.71
000563, 0.86
000570, 1.4
000597, 1.3
000598, 1.39
000599, 2.77
000600, 0.41
000607, 4.61
000616, 0.95
000631, 0.9
000637, 4.1
000652, 0.93
000663, 1.72
000670, 2.13
000671, 0.27
000673, 1.77
000680, 1.78
000682, 1.48
000690, 0.69
000692, 1.22
000698, 2.15
000721, 2.14
000726, 1.08
000731, 1.35
000735, 1.31
000737, 1.09
000753, 4.32
000778, 1.0
000793, 2.17
000809, 0.79
000812, 4.22
000825, 0.57
000828, 0.58
000830, 0.64
000850, 0.84
000861, 0.72
000862, 2.88
000877, 0.8
000880, 2.58
000882, 1.33
000897, 1.05
000898, 0.29
000899, 0.67
000908, 2.63
000912, 0.63
000921, 0.86
000926, 2.95
000931, 1.17
000949, 1.14
000993, 1.42
002004, 1.28
002011, 2.62
002018, 1.92
002028, 2.42
002033, 1.5
002061, 1.7
002062, 1.56
002067, 3.55
002081, 0.69
002083, 0.8
002093, 2.16
002100, 1.87
002122, 0.78
002135, 1.3
002146, 0.28
002162, 3.96
002163, 2.4
002181, 1.27
002220, 4.37
002225, 1.07
002226, 3.08
002233, 1.14
002243, 1.68
002267, 0.6
002269, 0.6
002282, 1.49
002293, 0.46
002302, 0.48
002307, 1.28
002328, 2.89
002344, 0.54
002363, 2.87
002375, 0.97
002385, 0.5
002391, 1.41
002404, 2.59
002408, 2.72
002419, 0.51
002429, 0.68
002430, 2.23
002453, 1.93
002461, 0.57
002463, 1.88
002470, 0.5
002471, 4.2
002476, 1.34
002480, 1.39
002489, 1.21
002490, 2.3
002498, 2.05
002503, 1.73
002513, 0.43
002542, 0.8
002549, 0.53
002550, 1.81
002575, 0.94
002583, 1.87
002584, 1.73
002593, 2.06
002637, 2.6
002641, 0.37
002650, 1.65
002671, 2.06
002683, 2.04
002687, 1.9
002692, 4.77
002701, 0.91
002770, 1.39
159901, 0
159902, 0
159909, 0
159911, 0
159919, 0
159922, 0
159927, 0
200011, 0.53
200012, 0.54
200026, 0.62
200029, 0.31
200058, 0.43
200429, 0.7
200488, 0.74
200512, 0.11
200521, 0.51
200541, 0.58
200570, 0.31
200771, 0.33
300029, 4.61
300043, 1.89
300071, 5.88
300079, 2.66
300090, 1.56
300107, 1.94
300108, 1.77
300129, 1.61
300132, 3.03
300150, 2.34
300152, 3.94
300160, 2.61
300164, 2.2
300172, 1.42
300181, 1.59
300185, 1.57
300187, 0.76
300197, 1.53
300206, 7.49
300217, 2.13
300251, 1.01
300301, 6.34
300307, 2.46
