600004, 0.37
600015, 0.33
600019, 0.19
600020, 0.6
600026, 0.72
600028, 0.08
600031, 0.73
600033, 0.32
600039, 0.63
600059, 0.57
600063, 0.83
600067, 0.61
600068, 0.75
600078, 3.71
600080, 1.92
600082, 1.6
600086, 0.98
600095, 1.0
600096, 0.68
600106, 1.38
600108, 1.99
600109, 4.18
600123, 1.96
600126, 1.81
600130, 1.72
600133, 3.41
600156, 2.4
600157, 0.64
600170, 0.62
600190, 0.41
600193, 1.43
600203, 2.87
600208, 0.39
600215, 2.96
600220, 0.86
600229, 1.75
600237, 12.88
600239, 1.8
600251, 0.88
600252, 1.23
600269, 0.46
600273, 1.51
600277, 0.76
600284, 0.74
600300, 1.34
600311, 1.51
600320, 1.29
600322, 1.87
600326, 3.0
600327, 3.69
600356, 1.32
600362, 0.69
600377, 0.05
600395, 1.4
600399, 1.49
600403, 0.19
600423, 2.9
600428, 0.92
600429, 0.55
600448, 3.33
600449, 1.53
600467, 0.99
600469, 0.83
600470, 6.92
600495, 2.44
600515, 0.87
600533, 1.41
600540, 2.47
600546, 0.8
600548, 0.23
600555, 2.29
600567, 0.59
600575, 0.65
600581, 1.98
600582, 0.69
600583, 0.34
600595, 1.57
600598, 0.73
600616, 0.86
600643, 2.63
600644, 2.01
600658, 0.4
600673, 1.52
600691, 2.08
600695, 3.78
600705, 1.07
600719, 3.08
600720, 2.1
600723, 0.4
600727, 2.01
600731, 2.48
600738, 1.44
600747, 2.89
600761, 1.18
600769, 1.08
600776, 1.2
600778, 1.18
600784, 3.85
600790, 1.38
600791, 1.78
600792, 1.58
600798, 2.31
600802, 2.93
600810, 0.89
600812, 0.43
600820, 1.09
600824, 0.46
600827, 0.61
600828, 0.76
600834, 0.4
600851, 1.55
600854, 1.02
600858, 0.5
600862, 2.74
600863, 0.58
600865, 1.86
600866, 1.21
600871, 0.85
600873, 0.8
600875, 0.57
600881, 1.37
600882, 0.59
600960, 0.88
600961, 1.25
600966, 1.21
600967, 1.97
600970, 1.2
600981, 2.04
600982, 1.64
600984, 0.71
600992, 1.64
601000, 0.33
601003, 0.63
601006, 0.28
601007, 2.49
601008, 0.66
601010, 1.27
601107, 0.4
601116, 0.39
601117, 0.76
601118, 1.5
601168, 0.7
601169, 0.18
601179, 0.27
601226, 1.54
601313, 0.79
601328, 0.14
601339, 0.47
601377, 1.36
601600, 0.83
601608, 0.43
601616, 1.08
601678, 1.73
601717, 1.07
601766, 0.37
601808, 0.1
601818, 0.18
601857, 0.01
601866, 0.51
601872, 0.95
601886, 0.89
601901, 1.58
601908, 0.59
601919, 0.37
601939, 0.73
601969, 0.62
601985, 1.12
601988, 0.07
601989, 0.57
601991, 0.09
601996, 1.62
601998, 0.08
603015, 2.14
603167, 1.49
603318, 2.77
603606, 3.99
000016, 0.8
000039, 0.48
000088, 0.22
000090, 1.83
000153, 2.32
000166, 1.0
000301, 0.77
000417, 1.27
000419, 1.6
000422, 5.93
000428, 1.47
000498, 3.4
000506, 0.6
000507, 1.29
000516, 1.39
000521, 1.14
000523, 1.1
000529, 1.57
000530, 0.92
000537, 1.68
000539, 0.13
000543, 1.84
000548, 1.79
000551, 2.27
000557, 2.92
000595, 8.09
000597, 1.45
000600, 0.46
000616, 0.85
000619, 1.44
000632, 2.39
000677, 2.28
000680, 3.53
000685, 0.76
000690, 1.18
000692, 1.68
000702, 1.36
000703, 1.0
000707, 2.22
000708, 0.6
000713, 2.67
000718, 1.1
000729, 0.29
000735, 1.54
000737, 1.9
000750, 1.98
000759, 0.3
000761, 0.31
000778, 0.88
000783, 1.4
000798, 1.99
000816, 3.35
000822, 1.0
000830, 5.37
000838, 3.7
000850, 0.97
000852, 0.5
000859, 1.56
000877, 3.04
000898, 0.3
000899, 2.12
000903, 1.16
000931, 1.59
000932, 0.65
000939, 1.69
000966, 0.39
000976, 1.59
000981, 0.26
001896, 2.81
002002, 0.86
002004, 1.53
002012, 3.48
002015, 1.01
002018, 0.62
002019, 3.08
002024, 0.74
002026, 2.43
002029, 0.79
002042, 0.92
002047, 3.56
002060, 1.89
002063, 2.46
002067, 2.78
002068, 0.88
002069, 0.7
002083, 0.89
002092, 3.25
002109, 1.08
002139, 11.03
002145, 4.36
002146, 0.84
002147, 8.4
002158, 0.88
002162, 3.13
002178, 2.3
002195, 3.88
002203, 0.68
002204, 0.71
002216, 1.09
002218, 1.16
002220, 1.57
002233, 0.95
002240, 1.46
002255, 3.0
002274, 1.11
002277, 1.2
002305, 5.84
002307, 2.49
002321, 1.23
002325, 1.14
002327, 0.58
002334, 2.24
002336, 0.75
002337, 1.81
002342, 1.07
002344, 0.67
002367, 1.11
002378, 1.13
002392, 2.26
002398, 1.65
002420, 1.3
002426, 1.2
002453, 2.51
002455, 3.45
002469, 1.18
002481, 1.15
002482, 1.08
002487, 0.68
002496, 1.94
002516, 2.53
002521, 2.76
002523, 2.82
002532, 0.91
002535, 2.13
002540, 0.75
002556, 3.58
002566, 1.53
002570, 0.58
002579, 1.21
002585, 1.25
002598, 1.65
002677, 1.27
002693, 1.66
002770, 3.45
159901, 0
159902, 0
159911, 0
159919, 0
159922, 0
200011, 0.26
200017, 0.19
200026, 0.33
200429, 0.2
200521, 0.3
200613, 0.07
300022, 2.72
300029, 2.08
300057, 0.98
300083, 1.62
300086, 1.37
300092, 4.29
300126, 2.18
300131, 1.57
300135, 2.64
300147, 2.4
300157, 1.84
300175, 0.88
300177, 2.76
300185, 6.4
300192, 3.61
300214, 2.19
300217, 3.61
300239, 1.49
300255, 0.99
300256, 4.54
300261, 0.46
300289, 0.53
300297, 1.45
300301, 1.68
300305, 1.29
300390, 2.9
