600015, 1.63
600016, 0.71
600023, 2.04
600026, 1.83
600027, 0.54
600028, 0.12
600031, 0.76
600033, 0.8
600050, 0.95
600057, 0.92
600077, 2.55
600082, 1.55
600089, 1.28
600103, 3.16
600126, 1.4
600143, 0.8
600159, 3.13
600165, 2.08
600175, 7.35
600221, 1.29
600225, 2.49
600234, 1.02
600236, 1.84
600248, 1.29
600256, 0.82
600261, 1.04
600269, 0.91
600275, 1.61
600279, 2.67
600284, 1.95
600310, 0.95
600322, 6.42
600333, 8.5
600336, 4.91
600346, 0.78
600352, 1.13
600353, 3.63
600368, 1.77
600377, 0.14
600398, 0.72
600415, 0.64
600416, 1.34
600422, 2.1
600426, 0.87
600439, 3.41
600449, 4.11
600477, 2.6
600507, 1.39
600508, 1.59
600537, 4.81
600546, 0.85
600583, 1.51
600586, 2.35
600603, 1.24
600611, 3.03
600657, 1.5
600674, 0.7
600684, 3.48
600720, 1.94
600723, 1.13
600724, 1.14
600736, 2.82
600742, 3.16
600776, 1.49
600791, 3.03
600792, 1.2
600795, 0.68
600806, 1.6
600810, 1.33
600820, 3.16
600823, 0.75
600824, 2.38
600825, 1.13
600827, 1.65
600844, 3.32
600863, 1.33
600865, 4.29
600882, 1.55
600886, 2.26
600963, 1.95
600970, 1.64
600971, 4.66
601006, 0.46
601139, 0.19
601199, 1.84
601288, 0.11
601333, 0.61
601800, 0.43
601801, 0.65
601818, 0.54
601898, 0.21
601933, 1.78
601939, 1.72
601988, 0.13
601991, 0.22
601998, 0.29
000001, 1.3
000016, 3.25
000019, 15.64
000027, 0.73
000029, 3.86
000031, 5.16
000069, 1.7
000088, 1.01
000089, 0.99
000090, 5.43
000404, 3.22
000429, 3.05
000488, 4.8
000507, 2.52
000514, 3.2
000521, 2.81
000533, 1.38
000537, 7.56
000539, 0.96
000540, 4.19
000566, 4.12
000597, 1.41
000598, 2.13
000600, 1.78
000652, 2.03
000667, 5.08
000690, 2.27
000703, 1.61
000709, 1.27
000717, 1.58
000825, 0.69
000856, 0.6
000862, 1.89
000863, 2.28
000877, 3.06
000897, 3.14
000898, 0.37
000899, 1.51
000902, 1.35
000937, 1.27
000959, 4.65
000965, 2.0
000978, 5.35
002033, 2.75
002078, 1.36
002087, 3.14
002099, 3.48
002128, 1.57
002133, 12.29
002187, 1.46
002264, 2.6
002277, 1.45
002305, 2.02
002321, 3.15
002332, 2.0
002419, 1.4
002480, 1.91
002509, 3.12
002561, 1.95
002648, 1.66
002665, 0.88
159919, 0
159927, 0
200011, 1.05
200012, 0.32
200016, 0.37
200429, 0.49
200488, 0.61
200521, 0.3
200541, 0.27
300064, 3.1
300090, 2.31
300152, 3.41
300175, 3.66
