600019, 0.28
600026, 1.69
600031, 0.3
600051, 2.28
600075, 1.11
600080, 3.45
600108, 1.53
600127, 2.24
600133, 2.72
600156, 1.9
600183, 2.84
600202, 1.49
600203, 2.02
600216, 2.73
600220, 1.11
600237, 7.11
600239, 0.79
600249, 1.84
600280, 1.28
600285, 1.13
600300, 0.55
600305, 1.45
600308, 1.21
600311, 2.34
600326, 1.52
600356, 1.56
600448, 3.9
600462, 1.46
600505, 0.76
600508, 1.14
600546, 0.71
600548, 0.27
600550, 0.51
600555, 2.24
600558, 1.67
600567, 2.43
600572, 1.32
600575, 1.54
600581, 1.06
600603, 0.93
600644, 2.63
600683, 0.49
600713, 1.24
600716, 1.1
600719, 1.47
600727, 2.96
600731, 2.6
600747, 3.18
600751, 1.27
600769, 1.11
600778, 1.25
600825, 0.68
600857, 1.01
600866, 1.16
600868, 10.49
600871, 1.92
600967, 1.54
600982, 1.21
600995, 7.82
601139, 0.15
601169, 0.14
601188, 1.1
601339, 0.6
601515, 0.25
601666, 1.57
601717, 1.83
601898, 0.32
601918, 1.13
601996, 2.38
603128, 1.48
603169, 2.8
603300, 2.12
000026, 4.98
000090, 1.66
000338, 0.79
000421, 2.24
000507, 1.06
000509, 1.72
000521, 5.59
000529, 0.76
000548, 1.48
000554, 3.99
000557, 3.35
000589, 1.15
000663, 1.52
000685, 1.18
000692, 1.18
000702, 1.73
000729, 0.41
000767, 3.76
000782, 2.16
000800, 3.62
000801, 0.7
000811, 1.65
000822, 0.97
000830, 1.02
000836, 1.57
000899, 0.51
000900, 1.24
000921, 1.72
000927, 2.78
000936, 1.29
000959, 7.3
001696, 1.77
002015, 1.3
002021, 1.02
002042, 1.16
002047, 2.17
002069, 0.64
002083, 1.68
002097, 1.69
002100, 2.31
002135, 1.08
002145, 3.53
002146, 0.28
002163, 2.39
002181, 1.33
002216, 0.62
002218, 1.64
002220, 2.19
002233, 1.15
002259, 1.56
002303, 0.53
002307, 4.88
002317, 2.55
002342, 1.31
002376, 1.62
002379, 2.43
002392, 1.71
002420, 1.04
002455, 2.92
002481, 1.79
002483, 1.69
002487, 0.58
002521, 2.67
002523, 1.06
002524, 3.18
002534, 0.92
002565, 1.61
002585, 1.56
002586, 1.33
002697, 1.53
002711, 6.96
200026, 0.67
200054, 0.57
200058, 0.45
200429, 0.36
200488, 0.51
200521, 0.68
200570, 2.32
200613, 0.04
200726, 0.08
300151, 1.13
300169, 4.27
300192, 2.59
300217, 2.87
300240, 2.04
300261, 0.41
300267, 0.45
