600008, 0.2
600011, 0.08
600015, 0.14
600018, 0.08
600023, 0.32
600026, 0.62
600028, 0.09
600029, 0.81
600031, 0.34
600089, 0.54
600109, 0.52
600160, 1.31
600166, 0.72
600170, 0.43
600177, 0.39
600208, 0.16
600219, 2.35
600221, 0.43
600246, 0.45
600252, 0.52
600261, 0.41
600267, 0.58
600297, 1.14
600299, 0.55
600350, 0.09
600377, 0.11
600409, 1.0
600418, 0.71
600428, 1.17
600481, 0.84
600489, 0.88
600495, 2.14
600497, 3.98
600512, 1.11
600522, 0.65
600550, 0.69
600569, 1.1
600583, 0.48
600674, 0.22
600675, 0.28
600686, 0.92
600688, 0.39
600690, 0.28
600693, 0.34
600704, 3.02
600761, 0.77
600808, 0.54
600820, 0.87
600839, 0.66
600872, 0.39
600873, 1.0
600886, 0.29
600900, 0.09
601009, 0.44
601018, 0.11
601111, 0.15
601118, 1.61
601158, 0.05
601169, 0.08
601179, 0.2
601186, 0.34
601225, 1.0
601288, 0.03
601328, 0.16
601398, 0.03
601588, 0.15
601633, 0.18
601636, 0.95
601666, 1.78
601766, 0.16
601818, 0.14
601857, 0.03
601872, 0.35
601899, 1.22
601919, 0.36
601933, 0.29
601939, 0.85
601988, 0.07
601989, 0.67
601998, 0.09
603993, 0.69
900905, 0.19
000001, 0.25
000416, 1.76
000428, 0.77
000429, 0.64
000528, 1.09
000566, 0.68
000572, 0.81
000585, 6.08
000611, 1.21
000688, 1.71
000702, 1.25
000709, 0.88
000739, 0.67
000837, 1.99
000863, 0.35
000877, 3.72
000897, 0.94
000900, 0.57
000921, 0.42
000933, 1.27
000962, 0.86
000967, 0.54
002078, 0.61
002092, 1.79
002178, 1.28
002198, 0.72
002236, 0.65
002244, 0.76
002258, 1.17
002367, 0.36
002376, 0.39
002453, 1.22
002535, 2.24
002539, 0.87
002547, 0.86
002648, 0.74
159919, 0
200037, 0.17
200055, 0.17
200429, 0.13
200488, 0.19
300201, 2.14
300251, 1.07
