600004, 0.64
600006, 0.63
600010, 0.78
600011, 0.15
600012, 0.38
600015, 0.23
600017, 0.79
600019, 1.65
600020, 0.93
600023, 0.24
600026, 1.05
600029, 1.45
600031, 0.65
600033, 0.75
600035, 0.42
600048, 0.28
600050, 1.2
600052, 1.0
600057, 0.75
600059, 1.56
600063, 1.94
600067, 0.45
600070, 1.55
600074, 2.06
600076, 1.99
600077, 0.81
600078, 1.32
600084, 3.92
600090, 0.92
600093, 1.23
600095, 2.15
600100, 0.88
600101, 2.14
600103, 1.56
600109, 0.96
600111, 0.43
600112, 1.65
600115, 2.09
600116, 3.57
600117, 1.81
600121, 0.72
600122, 1.89
600123, 1.78
600125, 3.72
600126, 0.99
600131, 0.97
600133, 1.56
600153, 0.64
600156, 0.65
600157, 0.34
600159, 0.83
600160, 2.42
600162, 0.82
600163, 1.0
600166, 0.77
600168, 1.0
600175, 0.64
600177, 0.42
600180, 0.93
600185, 0.79
600186, 0.78
600187, 3.8
600190, 0.36
600192, 2.97
600193, 1.08
600203, 1.26
600206, 1.09
600208, 0.23
600210, 1.09
600216, 1.1
600218, 1.25
600220, 0.67
600221, 1.14
600222, 1.18
600223, 0.48
600227, 1.59
600229, 0.72
600232, 1.85
600235, 1.07
600240, 0.72
600243, 2.39
600252, 0.94
600255, 1.11
600261, 0.84
600268, 1.66
600269, 0.8
600273, 1.44
600277, 1.83
600280, 0.71
600283, 1.87
600285, 1.26
600287, 0.94
600289, 1.15
600290, 2.28
600295, 0.93
600300, 0.94
600302, 1.51
600305, 0.37
600311, 2.23
600321, 1.86
600327, 0.91
600330, 2.14
600337, 1.45
600350, 0.27
600355, 1.97
600356, 1.25
600360, 2.5
600361, 1.86
600365, 1.56
600367, 2.7
600368, 1.51
600369, 0.25
600376, 0.38
600377, 0.14
600378, 0.79
600380, 2.4
600386, 1.03
600388, 4.48
600395, 0.77
600396, 0.46
600397, 1.2
600403, 0.21
600405, 1.07
600410, 1.84
600422, 1.14
600432, 1.01
600448, 1.53
600458, 1.03
600460, 0.5
600461, 1.17
600467, 1.8
600478, 0.32
600489, 1.63
600495, 2.09
600496, 2.64
600499, 0.74
600503, 1.52
600510, 0.53
600512, 2.77
600515, 0.61
600516, 0.99
600526, 4.39
600530, 0.77
600531, 1.69
600533, 0.85
600537, 1.33
600546, 0.55
600548, 0.13
600550, 1.0
600555, 0.68
600558, 2.41
600561, 1.28
600567, 1.48
600575, 0.4
600578, 0.23
600580, 0.45
600581, 0.93
600582, 0.66
600583, 0.53
600586, 1.68
600589, 1.16
600597, 0.35
600601, 0.71
600611, 0.59
600613, 0.87
600624, 2.4
600628, 0.78
600635, 0.98
600642, 0.24
600644, 2.07
600653, 0.47
600658, 0.29
600665, 0.92
600674, 0.35
600683, 0.42
600684, 1.2
600688, 0.48
600690, 0.96
600695, 0.76
600704, 3.83
600705, 0.45
600708, 0.66
600712, 2.01
600713, 1.12
600719, 1.71
600724, 0.49
600726, 0.32
600727, 4.73
600730, 1.24
600731, 1.84
600737, 1.76
600738, 0.94
600743, 0.57
600744, 0.73
600748, 0.45
600755, 1.42
600757, 0.5
600761, 2.24
600770, 0.98
600776, 0.53
600780, 0.82
600784, 2.33
600790, 2.07
600791, 0.91
600796, 2.87
600797, 2.04
600798, 1.54
600803, 0.88
600805, 0.9
600806, 0.88
600810, 2.67
600811, 0.59
600812, 1.09
600823, 0.39
600824, 0.92
600825, 0.5
600831, 0.71
600839, 1.2
600846, 1.09
600853, 1.67
600862, 0.69
600866, 1.6
600869, 0.4
600873, 0.67
600874, 1.87
600881, 1.71
600882, 0.9
600886, 0.58
600894, 0.45
600959, 1.28
600960, 0.86
600963, 1.09
600975, 2.2
600978, 0.67
600981, 1.78
600982, 3.14
600987, 1.04
601001, 0.62
601002, 1.09
601010, 0.51
601016, 1.0
601058, 1.32
601101, 0.38
601111, 0.68
601126, 1.67
601139, 0.14
601158, 0.3
601169, 0.18
601199, 1.14
601208, 0.82
601216, 4.96
601218, 0.89
601226, 1.23
601231, 0.16
601288, 0.05
601313, 1.02
601328, 0.12
601339, 0.36
601368, 1.33
601369, 0.46
601377, 0.37
601398, 0.02
601515, 0.17
601518, 0.55
601579, 0.92
601588, 0.49
601599, 2.99
601608, 0.65
601616, 0.44
601636, 1.52
601678, 1.64
601718, 2.25
601766, 0.25
601789, 1.3
601808, 0.11
601818, 0.15
601866, 0.61
601872, 0.75
601899, 0.83
601918, 1.9
601928, 0.47
601929, 0.41
601939, 0.61
601985, 1.67
601988, 0.06
601998, 0.1
603002, 1.1
603012, 0.69
603015, 1.37
603023, 1.44
603100, 1.21
603123, 1.01
603128, 0.92
603167, 1.04
603333, 0.83
603366, 0.59
603618, 2.5
603901, 1.71
900905, 0.3
000001, 0.24
000009, 0.98
000021, 0.62
000027, 0.18
000030, 0.55
000031, 0.68
000035, 3.45
000036, 0.7
000037, 2.2
000040, 0.46
000046, 0.14
000058, 0.91
000069, 0.33
000078, 1.66
000088, 0.25
000089, 0.66
000090, 0.48
000099, 1.85
000100, 0.83
000157, 0.96
000301, 0.62
000402, 0.25
000415, 0.42
000417, 1.95
000419, 1.16
000420, 4.15
000426, 1.71
000429, 1.3
000430, 1.83
000510, 2.08
000520, 1.82
000521, 1.22
000523, 1.11
000529, 0.78
000537, 2.14
000539, 1.21
000540, 0.33
000541, 0.78
000543, 0.68
000545, 2.39
000551, 1.25
000552, 1.1
000559, 0.33
000564, 0.84
000565, 3.23
000571, 0.86
000573, 3.09
000589, 2.13
000591, 7.12
000592, 0.83
000598, 0.92
000599, 4.15
000600, 0.53
000601, 1.48
000611, 2.08
000616, 0.51
000627, 0.71
000632, 2.53
000650, 0.99
000652, 1.11
000665, 0.79
000667, 0.67
000671, 1.17
000685, 0.49
000686, 1.03
000692, 4.02
000700, 1.06
000705, 1.28
000709, 1.34
000718, 0.54
000719, 2.62
000721, 2.06
000726, 0.81
000729, 0.33
000739, 1.1
000751, 2.27
000757, 1.13
000767, 0.52
000783, 0.49
000793, 3.35
000800, 0.91
000816, 1.32
000830, 12.47
000831, 1.52
000835, 1.53
000848, 0.53
000851, 1.91
000859, 1.53
000861, 0.8
000863, 0.47
000868, 1.15
000876, 0.44
000882, 2.02
000883, 0.27
000886, 0.75
000888, 1.01
000890, 1.8
000897, 1.98
000898, 0.4
000899, 0.53
000900, 1.41
000908, 1.56
000917, 2.61
000919, 0.61
000936, 1.29
000939, 2.0
000955, 0.96
000958, 3.2
000959, 0.25
000968, 1.06
000969, 1.58
000973, 1.26
000976, 0.78
000978, 1.2
001696, 0.75
002002, 2.38
002003, 1.0
002011, 0.57
002017, 1.96
002020, 1.6
002023, 2.03
002024, 0.61
002026, 1.22
002028, 1.65
002029, 0.77
002031, 0.8
002033, 1.09
002044, 0.46
002047, 0.8
002050, 0.72
002054, 1.01
002056, 0.71
002060, 1.12
002063, 1.1
002064, 0.9
002067, 2.36
002069, 0.46
002071, 4.06
002078, 0.97
002079, 1.12
002081, 0.47
002083, 0.51
002084, 1.35
002097, 1.53
002099, 1.55
002100, 2.53
002104, 1.14
002106, 1.55
002109, 2.05
002116, 0.75
002118, 1.28
002124, 3.89
002127, 0.73
002128, 0.69
002130, 1.18
002131, 1.48
002135, 0.72
002139, 1.6
002145, 3.72
002152, 0.77
002158, 0.42
002165, 0.85
002167, 2.33
002172, 1.68
002177, 0.99
002181, 0.29
002183, 1.06
002185, 2.27
002187, 0.91
002194, 2.57
002204, 0.79
002214, 1.49
002215, 2.08
002218, 0.64
002224, 2.31
002225, 0.75
002228, 1.1
002232, 0.8
002237, 1.93
002238, 0.39
002240, 1.42
002243, 0.72
002245, 1.7
002248, 4.22
002254, 1.29
002255, 1.95
002256, 1.09
002261, 0.79
002266, 0.74
002267, 0.38
002269, 0.93
002270, 1.05
002276, 1.21
002283, 1.01
002285, 1.48
002288, 2.06
002293, 0.29
002298, 0.99
002309, 0.93
002312, 4.57
002317, 1.48
002318, 1.08
002325, 1.1
002327, 1.06
002328, 8.4
002329, 4.13
002332, 1.81
002334, 1.31
002336, 0.44
002337, 1.32
002344, 0.59
002360, 2.39
002369, 2.71
002374, 1.39
002375, 0.36
002376, 1.45
002381, 1.32
002392, 2.33
002402, 1.32
002403, 0.71
002404, 1.35
002421, 1.42
002428, 2.11
002431, 2.79
002433, 2.42
002441, 0.79
002442, 0.6
002448, 0.98
002454, 1.04
002457, 1.24
002461, 0.72
002463, 0.6
002470, 0.67
002471, 1.06
002474, 2.56
002477, 1.17
002495, 1.17
002497, 0.92
002498, 0.25
002500, 0.66
002501, 1.64
002504, 1.8
002505, 1.28
002506, 0.61
002510, 1.41
002516, 1.84
002520, 0.67
002521, 3.33
002523, 0.88
002527, 2.58
002531, 0.31
002532, 0.85
002533, 1.04
002535, 3.6
002536, 1.22
002540, 0.71
002545, 2.91
002548, 1.26
002550, 0.65
002566, 1.6
002570, 0.82
002574, 0.94
002586, 1.12
002587, 2.09
002593, 1.26
002598, 1.15
002604, 1.46
002607, 2.18
002610, 1.81
002613, 1.11
002634, 6.24
002637, 3.69
002641, 0.41
002644, 1.23
002654, 1.98
002666, 0.86
002671, 0.86
002682, 1.0
002688, 0.63
002689, 1.12
002697, 3.3
002701, 0.88
002708, 1.3
159901, 0
159902, 0
159919, 0
159922, 0
159927, 0
200019, 0.38
200020, 0.12
200025, 0.29
200026, 0.13
200030, 0.18
200037, 0.37
200429, 0.18
200521, 0.11
200539, 0.28
200541, 0.13
200625, 0.42
200706, 0.12
300002, 0.98
300006, 1.95
300018, 1.46
300026, 2.6
300027, 2.05
300029, 4.05
300039, 1.47
300043, 1.98
300045, 1.02
300048, 1.84
300058, 1.06
300066, 3.8
300074, 1.8
300079, 1.11
300092, 2.2
300107, 1.71
300111, 1.15
300112, 1.21
300117, 1.13
300139, 2.07
300146, 1.18
300151, 1.12
300152, 6.38
300154, 1.05
300155, 0.79
300157, 1.9
300165, 2.04
300170, 2.04
300171, 0.99
300172, 5.76
300181, 1.39
300185, 1.24
300193, 2.81
300198, 2.97
300206, 2.38
300211, 1.5
300214, 2.28
300217, 0.96
300219, 1.38
300240, 2.08
300255, 0.52
300256, 4.72
300263, 1.54
300264, 1.93
300267, 0.28
300270, 1.42
300274, 1.36
300292, 4.7
300303, 1.98
300307, 1.06
300316, 0.76
300318, 1.73
300326, 1.09
300328, 0.79
300341, 1.1
300390, 2.13
