600004, 0.22
600011, 0.07
600039, 0.52
600048, 0.23
600051, 1.04
600052, 2.35
600059, 1.03
600063, 1.25
600067, 1.5
600068, 0.35
600072, 3.49
600074, 2.43
600078, 1.78
600089, 0.45
600099, 2.39
600112, 2.47
600116, 4.4
600119, 2.13
600123, 0.63
600125, 2.19
600128, 2.04
600130, 4.14
600160, 0.95
600176, 0.49
600178, 1.34
600208, 0.27
600225, 0.68
600229, 2.01
600240, 0.93
600246, 0.27
600251, 1.17
600255, 2.48
600266, 1.4
600267, 0.6
600280, 0.71
600281, 0.8
600287, 2.02
600288, 2.69
600293, 1.38
600295, 0.66
600299, 1.71
600311, 4.79
600323, 0.89
600325, 3.06
600326, 0.9
600327, 1.32
600336, 3.79
600348, 0.4
600351, 3.33
600353, 3.15
600356, 1.61
600362, 0.98
600368, 0.88
600375, 0.98
600380, 1.08
600387, 0.96
600388, 0.92
600393, 0.62
600396, 0.9
600397, 1.29
600399, 2.15
600409, 0.89
600422, 0.84
600439, 1.39
600448, 1.84
600449, 0.78
600470, 2.99
600487, 0.78
600490, 2.78
600495, 1.81
600496, 0.46
600503, 4.76
600505, 0.61
600508, 0.51
600509, 0.57
600512, 2.0
600516, 3.03
600517, 0.75
600526, 7.04
600561, 1.93
600579, 2.89
600597, 0.54
600616, 1.28
600621, 1.1
600624, 2.97
600638, 1.18
600643, 2.54
600644, 0.86
600658, 0.52
600668, 1.34
600683, 0.29
600684, 1.03
600708, 0.97
600716, 1.05
600720, 0.78
600723, 0.55
600725, 2.51
600736, 1.36
600740, 0.86
600746, 1.21
600761, 0.92
600765, 2.74
600770, 3.89
600791, 1.34
600797, 1.66
600807, 4.41
600810, 0.79
600830, 1.42
600831, 1.67
600841, 0.59
600844, 0.94
600846, 2.97
600858, 0.55
600865, 1.58
600872, 1.12
600874, 0.45
600881, 0.58
600963, 0.61
600967, 1.75
600969, 0.81
600971, 1.42
600981, 1.96
600982, 2.42
600992, 2.26
601001, 0.97
601011, 1.49
601012, 1.0
601058, 1.5
601088, 0.09
601101, 0.36
601107, 1.42
601117, 0.21
601118, 0.62
601139, 0.24
601177, 1.64
601208, 1.63
601216, 0.48
601218, 1.51
601288, 0.03
601328, 0.09
601339, 0.34
601369, 0.3
601398, 0.02
601567, 0.39
601666, 0.24
601699, 0.73
601798, 0.51
601818, 0.27
601880, 0.81
601890, 2.81
601898, 0.1
601899, 1.75
601901, 1.17
601969, 0.24
601996, 1.29
601999, 0.66
603123, 1.21
603126, 2.64
603167, 1.42
603366, 0.36
603618, 5.15
603969, 3.79
900929, 0.17
000006, 0.84
000016, 1.18
000017, 3.94
000026, 3.96
000029, 0.78
000039, 0.77
000040, 1.58
000059, 1.46
000158, 1.26
000301, 0.74
000417, 1.14
000419, 1.45
000422, 1.08
000428, 0.92
000430, 3.42
000507, 0.73
000510, 1.94
000514, 1.43
000521, 1.44
000523, 1.4
000525, 1.37
000530, 16.1
000541, 3.61
000548, 1.4
000552, 1.01
000561, 1.9
000576, 0.93
000589, 1.68
000599, 1.46
000627, 0.88
000655, 1.98
000656, 1.21
000665, 1.64
000682, 1.77
000692, 1.03
000698, 1.83
000707, 1.55
000708, 1.7
000713, 3.12
000731, 1.38
000756, 0.96
000782, 1.9
000785, 1.79
000786, 0.79
000789, 0.78
000790, 1.21
000807, 2.33
000811, 2.97
000812, 3.36
000816, 1.56
000822, 0.48
000889, 2.18
000906, 1.16
000908, 1.48
000921, 0.43
000926, 3.32
000928, 1.85
000935, 3.04
000937, 0.49
000939, 4.58
000965, 3.82
002005, 1.62
002028, 1.33
002029, 1.86
002042, 1.03
002047, 1.22
002060, 1.87
002064, 1.25
002083, 3.56
002087, 4.91
002092, 4.06
002098, 2.0
002102, 3.29
002118, 1.33
002128, 0.77
002133, 2.43
002142, 0.32
002160, 1.16
002166, 2.47
002187, 0.79
002198, 1.5
002220, 1.43
002225, 1.34
002243, 1.23
002250, 0.68
002258, 0.71
002259, 2.02
002267, 0.84
002300, 0.69
002302, 0.72
002305, 0.97
002307, 1.42
002327, 1.05
002332, 5.86
002337, 1.64
002342, 1.17
002344, 0.61
002363, 2.15
002381, 2.05
002390, 1.59
002404, 2.03
002406, 1.04
002431, 6.14
002433, 1.85
002457, 2.46
002470, 0.5
002476, 2.74
002478, 0.88
002479, 1.03
002481, 1.43
002487, 1.8
002489, 2.2
002501, 7.23
002528, 2.41
002538, 0.86
002547, 5.16
002564, 2.29
002593, 4.64
002597, 2.53
002598, 3.7
002607, 3.67
002641, 0.49
002648, 0.76
002678, 0.28
002693, 1.15
002697, 2.1
002700, 0.97
002701, 1.07
002743, 5.74
002750, 1.13
159901, 0
159902, 0
159911, 0
159922, 0
200011, 0.15
200045, 0.21
200058, 0.11
200413, 0.5
200468, 0.05
200488, 0.38
200512, 0.05
200530, 0.05
200706, 0.04
300039, 1.85
300064, 2.11
300090, 1.33
300094, 2.51
300107, 1.5
300123, 1.35
300129, 2.36
300147, 1.56
300150, 1.55
300164, 2.13
300172, 2.37
300179, 3.46
300181, 1.72
300192, 3.98
300197, 3.46
300214, 1.91
300237, 1.53
