600005, 0.5
600028, 0.11
600035, 1.51
600256, 1.8
600438, 0.7
600469, 2.53
600558, 8.66
600581, 0.73
600583, 0.92
600688, 0.79
600720, 6.04
600737, 4.34
600782, 1.68
600787, 3.39
600794, 2.07
600810, 13.84
600827, 1.95
600959, 2.16
601113, 1.07
601633, 0.22
601718, 1.5
601890, 2.62
601933, 1.12
000018, 4.32
000656, 2.17
000690, 1.4
000735, 7.29
000759, 1.86
000875, 4.02
001896, 3.02
002028, 2.41
002064, 3.6
002166, 2.69
002167, 2.68
002178, 2.56
002181, 1.59
002225, 2.72
002263, 10.27
002342, 3.44
200488, 0.61
200539, 0.09
300002, 1.31
