600039, 0.91
600067, 0.79
600093, 1.21
600103, 0.92
600121, 1.99
600127, 5.26
600159, 4.2
600215, 1.69
600223, 1.28
600239, 0.83
600257, 4.59
600280, 0.66
600322, 1.32
600361, 0.84
600409, 1.09
600426, 1.63
600505, 0.67
600508, 1.24
600546, 0.56
600561, 1.88
600573, 1.43
600644, 1.61
600665, 1.23
600714, 1.86
600727, 2.9
600743, 2.46
600751, 1.5
600792, 1.54
600810, 1.27
600844, 1.15
600872, 0.53
600992, 4.32
601038, 0.79
601177, 1.87
601515, 0.36
603333, 0.84
000058, 2.5
000157, 0.53
000159, 5.83
000338, 0.54
000504, 0.83
000557, 2.25
000584, 0.71
000597, 1.69
000612, 1.45
000636, 6.15
000671, 0.25
000691, 1.67
000707, 7.6
000731, 2.91
000737, 4.41
000782, 3.19
000801, 0.63
000809, 1.51
000822, 0.93
000875, 3.39
000900, 0.78
000949, 3.14
000961, 2.97
000968, 0.63
002050, 1.55
002097, 1.83
002109, 2.53
002132, 2.83
002221, 2.07
002272, 3.61
002336, 0.58
002386, 2.95
002420, 1.69
002453, 5.43
002480, 1.17
002503, 1.32
002514, 2.87
002523, 1.24
002585, 1.85
002663, 3.53
200011, 0.82
200058, 0.24
200570, 0.28
200726, 0.03
300022, 3.08
300029, 2.42
300082, 5.92
300083, 3.09
300181, 3.52
300214, 13.95
300217, 1.22
300225, 3.35
300249, 0.78
300283, 3.05
