600011, 0.13
600016, 0.27
600020, 0.89
600021, 0.48
600023, 1.55
600026, 0.61
600027, 0.24
600028, 0.05
600031, 0.31
600033, 0.63
600039, 0.68
600050, 0.79
600057, 1.42
600077, 3.82
600082, 2.16
600089, 1.07
600125, 1.2
600126, 1.65
600143, 0.46
600159, 4.31
600165, 2.02
600221, 0.63
600225, 3.29
600248, 0.77
600249, 2.47
600256, 0.51
600261, 0.49
600269, 0.67
600275, 1.3
600279, 3.29
600284, 1.54
600333, 4.8
600336, 4.66
600346, 0.69
600348, 2.26
600368, 6.9
600377, 0.2
600390, 1.1
600398, 0.35
600400, 2.83
600415, 0.53
600416, 1.15
600422, 1.76
600439, 1.53
600507, 1.3
600508, 0.94
600537, 4.28
600546, 1.01
600548, 0.3
600583, 0.71
600586, 5.56
600603, 0.96
600611, 4.84
600635, 2.95
600642, 0.39
600657, 2.19
600674, 0.28
600684, 6.02
600717, 0.91
600720, 1.77
600723, 1.35
600724, 1.46
600726, 1.01
600736, 2.83
600742, 2.52
600776, 6.76
600787, 0.77
600791, 3.08
600792, 0.87
600795, 0.34
600806, 1.36
600825, 1.27
600844, 1.4
600863, 1.01
600865, 2.1
600886, 0.92
600963, 2.82
600970, 1.6
600971, 2.28
601006, 0.22
601139, 0.52
601179, 0.28
601199, 2.77
601288, 0.03
601333, 0.34
601398, 0.04
601669, 0.77
601727, 0.39
601801, 0.36
601818, 0.21
601872, 0.46
601898, 0.23
601918, 2.13
601933, 0.58
601939, 0.85
601988, 0.07
601991, 0.12
601992, 0.33
603366, 0.5
000001, 0.38
000016, 2.57
000027, 0.98
000031, 2.87
000069, 0.93
000089, 1.29
000159, 2.78
000429, 2.35
000488, 2.76
000507, 1.82
000514, 2.64
000533, 3.4
000537, 5.15
000539, 0.44
000540, 1.43
000543, 2.15
000584, 0.74
000597, 1.11
000598, 2.11
000600, 0.87
000652, 4.76
000667, 3.95
000703, 0.6
000709, 3.16
000723, 1.19
000786, 1.8
000788, 2.86
000791, 0.54
000825, 1.1
000830, 1.54
000856, 1.25
000862, 1.25
000863, 1.12
000877, 3.57
000897, 4.42
000898, 0.75
000899, 1.13
000900, 0.73
000902, 0.83
000926, 2.31
000937, 0.83
000959, 16.55
000965, 1.64
000966, 1.96
000978, 2.53
002043, 5.75
002087, 2.01
002092, 4.58
002099, 1.99
002128, 1.17
002132, 1.47
002133, 5.42
002187, 1.1
002244, 1.11
002264, 4.81
002277, 1.37
002285, 1.41
002305, 1.08
002307, 5.52
002325, 3.2
002332, 2.74
002348, 2.45
002397, 3.91
002408, 1.14
002419, 0.97
002480, 1.91
002483, 3.06
002495, 10.83
002648, 0.87
002665, 1.3
002678, 0.66
002692, 3.99
002701, 2.92
159919, 0
159927, 0
200011, 1.57
200012, 0.31
200016, 0.34
200017, 0.3
200026, 0.37
200030, 0.65
200054, 0.26
200429, 0.32
200488, 0.43
200521, 0.16
200541, 0.23
300058, 1.83
300084, 5.11
300090, 2.32
300152, 2.47
300175, 3.44
300301, 3.59
