600004, 0.89
600008, 0.83
600028, 0.08
600059, 1.72
600086, 2.06
600091, 2.26
600096, 0.51
600099, 1.41
600126, 1.03
600218, 1.64
600222, 2.03
600226, 2.04
600268, 1.24
600273, 2.98
600275, 1.19
600290, 1.63
600292, 3.43
600301, 0.64
600355, 2.9
600356, 0.87
600375, 1.06
600388, 1.21
600390, 1.14
600403, 0.21
600415, 0.64
600423, 8.05
600426, 0.34
600448, 1.62
600462, 1.24
600466, 0.65
600470, 3.63
600481, 0.79
600502, 5.84
600505, 0.75
600507, 0.7
600558, 0.99
600565, 3.56
600603, 0.72
600608, 0.71
600609, 1.73
600644, 1.2
600664, 0.21
600667, 1.8
600727, 1.09
600744, 4.32
600757, 1.06
600790, 3.71
600802, 1.24
600810, 1.03
600844, 2.31
600866, 0.54
600874, 1.09
600963, 1.27
600982, 0.73
600984, 1.12
600985, 2.3
600992, 2.23
601003, 0.36
601015, 1.74
601028, 1.88
601038, 0.68
601099, 3.15
601100, 0.38
601116, 0.42
601169, 0.27
601188, 1.05
601288, 0.02
601328, 0.1
601333, 0.34
601398, 0.02
601518, 0.72
601717, 0.56
601727, 0.13
601857, 0.02
601901, 0.85
601988, 0.04
601996, 2.48
601999, 0.53
603167, 1.33
000001, 0.33
000030, 1.52
000301, 0.89
000421, 1.77
000422, 1.05
000498, 3.14
000514, 1.93
000546, 1.57
000551, 1.29
000560, 2.26
000589, 1.52
000597, 0.98
000598, 1.17
000599, 8.96
000608, 2.03
000628, 2.72
000635, 2.24
000663, 1.66
000691, 1.92
000692, 1.71
000698, 2.94
000703, 0.61
000707, 9.67
000709, 0.56
000719, 0.58
000723, 1.87
000726, 1.05
000737, 0.94
000739, 0.47
000759, 0.26
000822, 1.46
000850, 0.68
000856, 0.59
000880, 2.44
000888, 2.07
000898, 0.17
000900, 1.53
000906, 1.31
000919, 0.55
000931, 1.21
000995, 3.48
002020, 1.66
002050, 0.83
002069, 0.64
002083, 1.85
002084, 1.41
002100, 0.82
002122, 1.29
002132, 1.55
002198, 2.12
002221, 0.73
002254, 1.77
002286, 1.96
002300, 0.84
002307, 3.88
002317, 1.23
002336, 1.68
002337, 0.69
002348, 1.8
002382, 0.65
002386, 1.83
002404, 3.33
002408, 1.52
002420, 0.85
002423, 0.7
002437, 0.42
002451, 2.3
002453, 1.84
002483, 1.79
002501, 1.48
002524, 12.73
002532, 1.19
002534, 0.58
002538, 1.46
002550, 0.9
002564, 3.06
002578, 1.72
002585, 0.73
002586, 1.47
002644, 2.6
002689, 0.57
002700, 1.2
159927, 0
200020, 0.79
200030, 1.16
200488, 0.39
200570, 0.05
200613, 0.05
200706, 0.13
200992, 0.19
300012, 1.46
300129, 2.73
300132, 3.2
300139, 3.17
300164, 1.19
300172, 2.55
300189, 1.52
300214, 1.48
300255, 1.11
300259, 3.0
300301, 1.22
