600005, 0.38
600015, 0.34
600017, 2.22
600018, 0.16
600019, 0.18
600020, 0.64
600023, 1.47
600029, 2.51
600033, 0.62
600035, 1.57
600050, 2.09
600052, 1.17
600057, 0.48
600063, 1.36
600067, 0.72
600068, 1.2
600089, 0.94
600090, 1.51
600091, 0.77
600095, 0.95
600096, 0.98
600098, 1.06
600106, 0.9
600108, 1.53
600115, 1.07
600121, 1.29
600143, 1.28
600152, 4.39
600157, 0.63
600162, 0.91
600165, 1.43
600166, 1.68
600169, 6.14
600170, 2.75
600175, 1.14
600176, 0.89
600186, 1.69
600187, 4.59
600188, 0.31
600190, 1.85
600192, 1.42
600193, 4.42
600199, 1.99
600202, 2.25
600206, 1.71
600207, 1.26
600208, 0.33
600210, 1.56
600217, 0.78
600220, 2.47
600221, 1.34
600223, 0.63
600226, 0.89
600229, 2.57
600232, 2.1
600238, 0.89
600239, 1.52
600240, 1.23
600251, 1.58
600256, 0.63
600261, 0.58
600269, 0.45
600273, 3.41
600277, 0.71
600279, 3.47
600284, 2.53
600292, 1.08
600302, 3.13
600311, 3.03
600317, 1.39
600320, 2.07
600333, 2.14
600350, 0.33
600358, 3.24
600359, 2.28
600360, 2.45
600361, 0.73
600365, 4.26
600369, 1.41
600383, 0.24
600387, 1.84
600388, 1.29
600397, 1.49
600399, 3.33
600403, 0.38
600425, 1.48
600426, 0.35
600429, 0.42
600438, 0.44
600448, 3.31
600449, 1.98
600460, 1.37
600469, 0.65
600481, 0.57
600483, 2.08
600490, 2.11
600495, 3.47
600507, 0.54
600508, 0.83
600515, 1.4
600526, 2.85
600527, 3.12
600533, 0.98
600546, 0.93
600548, 0.47
600565, 1.59
600567, 1.15
600569, 0.56
600575, 0.74
600578, 0.31
600581, 1.1
600582, 0.74
600583, 0.63
600598, 1.0
600614, 1.75
600616, 1.3
600617, 2.19
600618, 0.87
600624, 1.53
600635, 2.11
600641, 2.99
600642, 0.28
600643, 1.36
600644, 1.66
600651, 2.17
600665, 1.35
600667, 2.95
600674, 0.58
600676, 1.12
600681, 2.11
600683, 1.1
600684, 4.32
600691, 2.02
600703, 0.25
600707, 2.4
600708, 6.23
600712, 3.81
600716, 1.53
600719, 2.54
600720, 1.49
600723, 0.61
600724, 0.7
600731, 3.19
600737, 2.45
600738, 2.07
600744, 0.94
600757, 1.04
600759, 0.72
600778, 1.34
600780, 0.48
600789, 2.52
600790, 0.9
600791, 1.17
600792, 1.36
600794, 1.6
600805, 1.04
600811, 1.72
600812, 0.91
600814, 1.88
600819, 1.31
600824, 0.97
600825, 0.84
600827, 0.28
600830, 2.86
600831, 0.96
600841, 0.84
600846, 2.7
600854, 0.92
600858, 0.49
600863, 0.42
600864, 1.79
600865, 4.86
600873, 1.38
600875, 1.34
600880, 2.58
600881, 1.99
600888, 3.73
600889, 3.18
600891, 2.96
600959, 0.86
600960, 1.38
600966, 2.22
600973, 1.16
600978, 1.61
600981, 2.52
600982, 1.75
600987, 0.72
601000, 1.48
601001, 1.28
601003, 0.33
601006, 0.24
601007, 1.56
601009, 0.5
601018, 0.73
601058, 1.76
601107, 0.45
601111, 0.96
601113, 0.94
601117, 1.31
601126, 0.82
601137, 0.47
601139, 0.26
601169, 0.15
601179, 0.69
601188, 0.65
601208, 1.19
601218, 1.69
601226, 5.01
601313, 1.0
601328, 0.1
601339, 0.65
601368, 2.7
601369, 0.52
601388, 1.45
601518, 1.85
601600, 1.18
601616, 1.16
601636, 6.39
601678, 1.59
601700, 3.91
601717, 2.78
601766, 0.49
601777, 0.9
601808, 0.22
601818, 0.19
601857, 0.02
601866, 3.64
601872, 3.02
601886, 0.9
601898, 0.39
601899, 0.82
601908, 0.47
601918, 2.47
601928, 0.3
601939, 0.29
601985, 3.5
601992, 0.39
601998, 0.05
603002, 1.5
603015, 3.6
603123, 4.76
603167, 2.33
603227, 1.29
000001, 0.35
000005, 1.22
000027, 0.25
000059, 1.19
000061, 0.6
000088, 0.8
000157, 0.67
000159, 1.08
000166, 2.47
000407, 1.13
000417, 2.71
000419, 1.38
000425, 1.28
000428, 0.87
000430, 1.5
000506, 8.28
000507, 2.92
000514, 1.46
000516, 5.69
000530, 2.41
000539, 0.61
000543, 0.98
000545, 3.84
000548, 2.44
000552, 1.98
000557, 1.45
000572, 1.21
000589, 2.65
000597, 5.73
000598, 1.02
000616, 0.96
000619, 2.18
000632, 2.81
000636, 2.88
000637, 3.0
000650, 1.04
000672, 3.04
000673, 3.45
000685, 0.65
000692, 1.52
000698, 10.66
000700, 1.6
000708, 0.82
000709, 0.67
000726, 2.32
000735, 1.32
000753, 1.71
000756, 1.97
000759, 1.03
000761, 0.46
000778, 1.21
000785, 2.16
000793, 2.13
000795, 2.88
000800, 0.78
000809, 1.92
000816, 1.75
000828, 0.65
000833, 8.02
000868, 1.18
000876, 0.53
000877, 1.53
000883, 0.23
000898, 0.34
000903, 1.12
000927, 1.3
000931, 3.18
000939, 5.85
000950, 0.78
000955, 2.36
001896, 2.0
002004, 1.24
002005, 2.3
002011, 0.85
002018, 1.54
002026, 1.15
002028, 1.66
002029, 1.55
002047, 1.65
002063, 2.34
002064, 0.66
002067, 2.66
002069, 0.69
002087, 1.24
002097, 2.32
002116, 0.84
002128, 0.99
002145, 2.76
002162, 1.91
002163, 3.92
002187, 0.73
002191, 0.97
002195, 3.92
002204, 1.65
002214, 1.38
002215, 1.66
002218, 1.7
002225, 1.1
002232, 1.41
002263, 1.91
002269, 1.33
002274, 2.52
002277, 3.14
002288, 2.69
002293, 1.44
002302, 0.62
002307, 2.73
002318, 1.57
002321, 1.45
002327, 1.12
002334, 1.58
002336, 0.66
002337, 1.42
002340, 1.82
002345, 0.96
002348, 0.75
002369, 2.29
002397, 0.68
002419, 0.42
002452, 6.12
002453, 2.47
002457, 3.36
002461, 0.47
002481, 1.41
002487, 3.55
002489, 0.75
002497, 1.15
002498, 0.52
002501, 1.37
002504, 4.03
002505, 1.49
002521, 1.86
002528, 0.87
002533, 1.9
002540, 1.18
002542, 1.03
002556, 2.14
002560, 4.78
002561, 0.65
002570, 1.43
002579, 1.44
002585, 1.95
002600, 3.6
002607, 2.14
002641, 0.56
002654, 5.96
002666, 1.18
002677, 1.13
002689, 0.87
002708, 5.49
159901, 0
159909, 0
159919, 0
159922, 0
159927, 0
200011, 0.33
200017, 0.22
200019, 1.04
200022, 0.16
200026, 0.81
200054, 0.3
300006, 6.18
300022, 2.97
300039, 1.27
300040, 3.45
300043, 1.7
300067, 1.93
300084, 1.52
300094, 1.82
300117, 1.44
300129, 1.26
300146, 1.28
300147, 1.42
300154, 1.28
300164, 2.9
300189, 1.52
300193, 3.63
300206, 1.84
300214, 2.56
300217, 6.7
300251, 0.57
300259, 0.94
300297, 1.53
300305, 4.77
300328, 2.09
