600005, 0.77
600011, 0.06
600015, 0.14
600018, 0.05
600019, 0.5
600023, 0.24
600026, 0.43
600028, 0.1
600029, 0.59
600031, 0.4
600089, 0.48
600109, 0.47
600160, 1.83
600166, 0.67
600170, 0.64
600221, 0.36
600252, 0.52
600261, 0.2
600267, 0.68
600299, 0.51
600326, 5.67
600350, 0.23
600377, 0.08
600418, 0.53
600428, 0.86
600481, 0.4
600489, 1.1
600512, 2.47
600522, 0.78
600550, 0.81
600569, 0.85
600583, 0.64
600642, 0.19
600674, 0.13
600675, 0.23
600688, 0.43
600693, 0.71
600704, 4.16
600761, 1.29
600795, 0.57
600808, 0.68
600820, 0.79
600839, 0.86
600873, 0.67
600886, 0.25
601009, 0.49
601012, 0.38
601018, 0.12
601111, 0.12
601117, 0.66
601118, 1.03
601158, 0.1
601169, 0.06
601179, 0.17
601225, 0.95
601328, 0.14
601398, 0.03
601588, 0.23
601633, 0.15
601636, 1.12
601766, 0.2
601818, 0.09
601857, 0.02
601899, 0.54
601919, 0.22
601933, 0.24
601939, 0.74
601988, 0.04
601989, 0.63
601998, 0.06
603993, 0.31
900905, 0.1
000416, 1.61
000428, 0.94
000429, 0.66
000528, 0.63
000557, 11.52
000572, 1.3
000611, 1.13
000709, 0.86
000725, 1.0
000739, 0.47
000837, 2.22
000877, 6.66
000880, 1.66
000897, 1.19
000900, 0.66
000921, 0.45
000962, 1.01
000967, 0.52
001896, 2.22
002078, 1.59
002092, 1.59
002198, 1.11
002236, 1.04
002244, 1.17
002258, 0.8
002376, 0.56
002430, 0.44
002453, 1.27
002535, 1.47
002539, 1.86
002575, 0.72
200037, 0.2
200055, 0.08
200429, 0.14
200488, 0.28
300201, 0.78
