600011, 0.08
600016, 0.17
600020, 0.48
600021, 0.36
600023, 1.44
600026, 1.18
600027, 0.28
600028, 0.07
600031, 0.43
600033, 0.78
600039, 0.7
600050, 0.49
600057, 0.77
600069, 3.16
600077, 1.96
600089, 0.85
600103, 1.64
600105, 3.87
600126, 0.78
600143, 0.49
600159, 1.8
600165, 1.12
600208, 1.34
600221, 0.48
600227, 0.92
600248, 0.77
600249, 2.34
600256, 0.46
600261, 0.3
600269, 0.69
600279, 2.13
600284, 1.0
600308, 0.54
600333, 5.86
600336, 3.42
600346, 0.78
600348, 1.02
600368, 7.52
600377, 0.08
600390, 0.94
600400, 3.01
600415, 0.37
600416, 1.84
600422, 1.29
600439, 0.99
600508, 0.85
600537, 4.71
600546, 0.51
600583, 0.88
600586, 4.34
600603, 0.61
600611, 2.78
600635, 1.39
600642, 0.42
600657, 1.07
600674, 0.28
600684, 6.02
600717, 0.91
600720, 1.77
600723, 1.35
600724, 1.46
600726, 1.01
600736, 2.83
600742, 2.52
600776, 6.76
600787, 0.77
600791, 3.08
600792, 0.87
600795, 0.34
600806, 1.36
600825, 1.27
600844, 1.4
600863, 0.67
600865, 1.99
600963, 1.59
600970, 2.01
600971, 3.29
600978, 1.46
601006, 0.33
601168, 1.64
601188, 0.98
601288, 0.03
601333, 0.32
601398, 0.04
601616, 1.87
601633, 0.22
601669, 0.67
601718, 0.76
601727, 0.28
601801, 0.3
601818, 0.23
601872, 0.47
601898, 0.25
601918, 1.33
601933, 0.42
601939, 0.8
601988, 0.09
601991, 0.1
601992, 0.97
603366, 0.9
000001, 0.47
000016, 2.93
000027, 0.51
000030, 0.36
000031, 5.55
000056, 3.0
000063, 0.8
000069, 1.89
000089, 0.64
000159, 2.5
000401, 2.43
000430, 1.96
000488, 1.83
000507, 2.53
000514, 3.72
000516, 4.94
000521, 2.46
000533, 2.0
000539, 0.37
000543, 1.59
000564, 6.55
000571, 8.71
000584, 1.54
000597, 0.92
000598, 1.19
000599, 2.76
000600, 0.83
000667, 7.21
000685, 1.64
000703, 0.57
000709, 1.16
000786, 1.83
000788, 1.14
000791, 1.11
000825, 0.65
000830, 1.29
000856, 0.76
000862, 4.14
000863, 2.23
000877, 3.13
000898, 0.3
000899, 1.44
000900, 1.01
000912, 0.97
000913, 0.8
000928, 2.61
000936, 3.35
000937, 2.55
000965, 2.05
000966, 1.48
000978, 1.89
002043, 4.45
002068, 1.86
002084, 2.3
002087, 2.91
002092, 5.96
002099, 4.82
002115, 8.22
002128, 1.58
002132, 1.69
002187, 1.25
002264, 9.11
002277, 1.36
002285, 3.06
002305, 1.9
002307, 4.67
002321, 3.72
002325, 2.23
002332, 2.06
002360, 7.05
002483, 2.04
002503, 0.33
002531, 1.14
002604, 5.62
002648, 1.29
002678, 0.34
159919, 0
159927, 0
200011, 1.67
200012, 0.79
200016, 0.25
200017, 0.36
200030, 0.54
200054, 0.3
200056, 0.38
200429, 0.74
200488, 0.19
200521, 0.8
200541, 0.22
200706, 0.09
200992, 0.27
300084, 8.24
300090, 1.47
300152, 2.17
300175, 1.93
300301, 3.62
