600015, 0.2
600016, 0.92
600028, 0.29
600086, 5.79
600091, 1.6
600122, 2.12
600256, 3.38
600387, 3.91
600409, 3.56
600426, 2.7
600469, 3.25
600507, 1.8
600533, 1.11
600581, 1.22
600598, 3.91
600686, 0.92
600688, 1.89
600782, 4.14
600794, 2.73
600810, 3.45
600959, 3.98
601009, 0.56
601288, 0.09
601328, 0.39
601398, 0.03
601579, 5.63
601633, 0.29
601818, 0.32
601890, 5.21
601933, 1.06
601939, 0.94
601988, 0.09
603369, 4.18
000425, 2.05
000519, 9.02
000630, 1.88
000709, 1.32
000716, 12.36
000735, 3.9
000759, 2.48
000875, 6.08
000882, 6.42
000903, 2.42
002012, 5.14
002028, 3.65
002068, 14.62
002167, 3.09
002178, 4.19
002225, 4.27
002263, 4.25
002272, 9.3
002342, 3.05
002470, 3.26
002622, 3.72
159927, 0
200539, 0.16
