600004, 0.3
600012, 0.61
600015, 0.37
600019, 0.17
600031, 0.42
600057, 0.58
600067, 4.04
600078, 3.21
600082, 1.59
600086, 3.0
600106, 0.91
600108, 1.16
600109, 2.7
600133, 2.81
600156, 1.64
600157, 0.66
600162, 0.86
600178, 1.63
600186, 2.18
600199, 2.64
600215, 1.51
600222, 1.9
600223, 0.81
600235, 1.48
600251, 1.04
600266, 0.66
600281, 2.82
600285, 3.15
600302, 2.36
600310, 1.31
600311, 5.29
600327, 1.54
600354, 1.94
600356, 1.13
600362, 1.07
600377, 0.05
600393, 1.3
600398, 0.53
600405, 2.07
600429, 0.39
600438, 1.14
600439, 1.5
600467, 1.65
600470, 4.21
600478, 0.9
600509, 1.57
600530, 1.79
600540, 2.26
600546, 0.73
600555, 2.18
600565, 1.69
600595, 2.5
600597, 0.43
600635, 0.74
600655, 2.39
600658, 0.38
600695, 0.88
600717, 0.48
600719, 2.64
600720, 1.67
600723, 0.78
600744, 1.9
600747, 2.36
600759, 1.12
600761, 1.28
600792, 1.42
600802, 3.73
600807, 9.24
600810, 1.15
600812, 1.37
600815, 1.51
600824, 1.61
600827, 0.48
600828, 1.11
600841, 0.57
600846, 1.44
600851, 0.81
600860, 2.38
600862, 1.9
600863, 0.26
600864, 1.16
600865, 2.45
600866, 1.78
600966, 1.09
600967, 1.35
600973, 1.82
601000, 0.32
601003, 0.23
601009, 0.33
601010, 1.3
601058, 1.44
601116, 0.8
601118, 0.68
601169, 0.19
601208, 1.23
601233, 0.69
601377, 1.24
601398, 0.02
601600, 0.93
601616, 5.56
601636, 0.98
601886, 0.83
601899, 2.71
601901, 1.09
601908, 0.5
601928, 0.34
601939, 0.56
601958, 0.49
601992, 0.34
601996, 2.62
603002, 1.1
603366, 1.52
