600052, 0.66
600075, 3.66
600093, 1.1
600122, 0.78
600131, 1.07
600141, 1.61
600180, 0.31
600183, 1.29
600190, 2.39
600199, 2.32
600216, 1.23
600227, 1.34
600237, 2.62
600238, 0.72
600285, 1.57
600295, 1.06
600320, 1.37
600328, 1.76
600337, 1.48
600339, 1.23
600353, 4.06
600365, 1.12
600377, 0.13
600386, 1.69
600438, 0.48
600466, 6.81
600468, 0.35
600488, 0.67
600510, 0.78
600515, 1.4
600558, 3.41
600575, 0.82
600635, 0.72
600651, 1.12
600658, 0.81
600665, 1.38
600674, 0.37
600716, 1.51
600717, 3.36
600738, 1.59
600744, 1.64
600791, 1.76
600800, 5.01
600802, 20.96
600815, 3.29
600873, 1.46
600886, 0.48
600965, 1.03
600971, 2.5
600973, 2.57
600978, 1.0
600987, 1.26
601028, 1.36
601111, 0.45
601137, 1.16
601139, 0.14
601177, 2.49
601188, 0.79
601369, 0.88
601608, 1.09
601886, 0.73
601933, 0.84
601991, 0.16
601996, 7.65
603167, 2.72
000035, 3.98
000040, 1.28
000043, 1.54
000066, 0.9
000089, 0.91
000158, 0.42
000425, 2.08
000505, 0.79
000506, 2.5
000507, 7.65
000511, 3.47
000521, 2.38
000528, 2.97
000533, 3.46
000551, 2.92
000600, 0.75
000622, 0.94
000628, 4.31
000632, 1.55
000665, 0.77
000705, 0.93
000731, 5.78
000735, 3.1
000739, 0.7
000816, 0.92
000851, 5.51
000888, 5.29
000899, 1.34
000926, 2.33
000950, 1.07
000970, 1.29
000976, 1.52
000978, 3.69
002020, 1.24
002029, 0.69
002044, 1.87
002060, 1.18
002069, 0.65
002073, 1.62
002079, 1.33
002081, 0.94
002083, 0.67
002096, 1.26
002102, 1.54
002105, 7.26
002106, 2.8
002121, 2.69
002131, 1.88
002139, 3.21
002155, 2.8
002156, 2.43
002158, 0.85
002177, 1.13
002181, 0.53
002238, 0.56
002288, 1.57
002297, 8.44
002303, 1.19
002317, 1.43
002330, 0.86
002334, 1.64
002345, 0.82
002375, 0.72
002376, 1.84
002381, 2.06
002382, 1.05
002421, 2.82
002433, 1.05
002447, 3.32
002472, 1.67
002496, 1.73
002516, 21.28
002523, 1.14
002531, 0.38
002536, 1.09
002583, 2.51
002586, 0.53
002630, 1.49
002644, 1.18
002650, 0.93
002655, 1.42
002708, 4.52
002743, 3.44
159901, 0
159902, 0
159919, 0
159922, 0
200018, 0.2
200022, 0.46
200055, 0.38
200521, 0.16
200553, 0.17
300013, 0.91
300039, 0.97
300040, 2.72
