600004, 0.4
600008, 0.62
600028, 0.04
600059, 1.67
600069, 2.1
600080, 3.1
600086, 2.44
600099, 2.2
600106, 3.39
600108, 1.38
600121, 1.05
600126, 1.36
600159, 1.92
600186, 0.92
600218, 2.06
600222, 5.24
600226, 0.97
600237, 5.76
600238, 0.52
600243, 1.3
600257, 1.62
600268, 1.45
600269, 0.55
600273, 2.97
600275, 2.08
600285, 1.31
600290, 2.01
600292, 3.12
600301, 1.74
600337, 0.37
600350, 0.3
600355, 2.81
600361, 0.62
600375, 1.2
600388, 1.59
600390, 1.0
600403, 0.14
600415, 0.54
600423, 8.34
600426, 0.42
600439, 1.53
600448, 1.73
600462, 1.51
600466, 0.82
600470, 3.56
600481, 0.95
600496, 0.53
600505, 1.34
600507, 0.66
600508, 1.04
600510, 0.94
600526, 3.34
600558, 1.57
600565, 3.39
600572, 1.33
600573, 0.7
600603, 0.79
600608, 1.01
600644, 3.83
600664, 0.17
600665, 1.55
600667, 1.35
600719, 1.36
600722, 0.66
600727, 1.27
600744, 15.31
600757, 1.21
600789, 4.56
600790, 2.55
600794, 0.57
600802, 1.28
600810, 1.05
600820, 1.35
600841, 0.59
600844, 1.0
600857, 1.58
600874, 1.29
600963, 2.1
600966, 1.0
600978, 7.05
600982, 1.09
600984, 3.78
600992, 2.29
601028, 5.28
601038, 2.62
601099, 2.41
601100, 0.68
601116, 0.54
601126, 0.36
601158, 0.11
601169, 0.29
601177, 0.75
601188, 0.7
601199, 1.97
601218, 2.13
601333, 0.36
601368, 1.24
601398, 0.02
601518, 0.55
601700, 0.37
601727, 0.13
601857, 0.01
601886, 0.36
601901, 0.73
601988, 0.05
601996, 1.8
601999, 0.71
603167, 1.92
603333, 1.71
603369, 1.88
603606, 2.75
000001, 0.33
000026, 1.28
000036, 1.74
000068, 1.43
000078, 1.02
000301, 1.0
000416, 2.8
000421, 1.18
000430, 1.9
000514, 4.46
000530, 1.24
000546, 1.7
000551, 1.96
000554, 2.39
000560, 3.71
000571, 5.27
000589, 1.08
000597, 1.12
000598, 1.05
000608, 1.57
000609, 3.03
000628, 6.44
000635, 1.37
000637, 4.34
000655, 12.09
000663, 1.56
000671, 1.63
000680, 1.29
000691, 1.25
000692, 2.31
000707, 7.68
000709, 0.94
000719, 0.99
000726, 0.81
000731, 1.27
000737, 1.42
000739, 0.51
000759, 0.35
000789, 1.35
000811, 1.22
000822, 0.71
000836, 3.38
000850, 0.91
000856, 0.9
000876, 0.57
000880, 3.98
000888, 1.39
000900, 1.39
000912, 0.91
000919, 0.54
000931, 3.82
000967, 1.82
000995, 6.0
001896, 2.57
002003, 0.85
002004, 1.52
002020, 1.68
002050, 0.67
002069, 0.57
002073, 1.11
002083, 1.32
002100, 0.87
002105, 1.88
002109, 0.79
002122, 0.79
002132, 1.45
002140, 0.45
002150, 1.79
002163, 5.32
002168, 2.72
002221, 0.52
002272, 2.24
002286, 2.75
002300, 0.66
002307, 2.5
002317, 1.6
002336, 0.5
002337, 1.6
002344, 2.46
002345, 0.96
002382, 1.07
002404, 4.59
002408, 0.95
002420, 0.86
002429, 0.73
002433, 2.98
002437, 0.53
002451, 5.32
002453, 1.52
002461, 4.08
002483, 2.87
002493, 0.19
002501, 1.28
002503, 0.7
002520, 0.52
002532, 0.83
002534, 0.63
002538, 1.62
002542, 1.46
002547, 5.42
002550, 0.98
002564, 4.51
002578, 0.78
002585, 1.64
002586, 1.46
002644, 2.75
002687, 1.16
002689, 0.64
002700, 1.2
159902, 0
159922, 0
159927, 0
200011, 0.31
200020, 0.32
200022, 0.09
200030, 0.99
200488, 0.43
200521, 0.08
200570, 0.07
200706, 0.03
200992, 0.14
300006, 1.37
300012, 1.53
300022, 2.53
300029, 1.76
300030, 2.5
300074, 3.11
300082, 1.2
300105, 1.26
300107, 3.15
300117, 0.93
300123, 1.41
300129, 2.71
300139, 3.47
300155, 2.91
300164, 2.61
300172, 3.77
300189, 1.48
300214, 2.75
300255, 0.87
300259, 6.32
300289, 0.71
300301, 1.55
300305, 2.58
