600004, 0.7
600011, 0.14
600012, 0.92
600039, 0.68
600048, 0.8
600051, 2.13
600052, 1.1
600059, 1.27
600067, 1.38
600068, 1.4
600078, 2.43
600089, 0.87
600099, 2.24
600112, 4.57
600116, 9.16
600123, 2.39
600125, 2.01
600130, 3.98
600133, 1.87
600143, 1.14
600159, 1.7
600160, 1.43
600163, 2.59
600166, 2.27
600168, 2.83
600176, 0.73
600178, 1.99
600208, 0.68
600217, 1.56
600219, 3.0
600222, 2.89
600225, 1.32
600240, 0.93
600251, 2.85
600255, 6.18
600261, 1.1
600267, 0.97
600268, 1.57
600275, 1.9
600280, 1.09
600281, 1.08
600287, 2.19
600288, 3.17
600293, 2.34
600299, 1.09
600302, 2.19
600311, 6.46
600323, 1.17
600325, 2.84
600326, 2.65
600327, 2.09
600336, 3.78
600348, 1.83
600353, 2.38
600355, 3.49
600356, 1.7
600361, 0.82
600362, 5.04
600368, 1.58
600375, 1.39
600380, 1.41
600387, 1.25
600388, 1.87
600393, 0.68
600397, 2.34
600399, 4.92
600409, 2.96
600448, 3.74
600449, 2.4
600461, 2.29
600466, 1.21
600470, 3.12
600487, 2.0
600488, 0.75
600490, 6.51
600495, 2.53
600500, 0.79
600503, 4.68
600505, 1.06
600508, 1.45
600509, 0.86
600512, 2.85
600516, 3.49
600533, 2.41
600561, 2.75
600579, 1.41
600580, 9.71
600602, 1.97
600609, 1.19
600616, 1.95
600621, 1.73
600624, 5.26
600641, 2.25
600644, 2.15
600658, 0.69
600683, 0.6
600684, 1.7
600708, 1.6
600716, 1.53
600720, 1.54
600723, 0.61
600730, 3.72
600736, 1.34
600740, 2.4
600746, 2.11
600761, 1.49
600778, 1.95
600787, 1.59
600791, 1.87
600797, 4.31
600805, 3.18
600810, 1.11
600811, 1.4
600825, 0.92
600830, 3.28
600831, 2.05
600844, 1.22
600846, 3.62
600854, 3.39
600858, 1.09
600865, 2.25
600872, 3.66
600874, 1.13
600881, 1.88
600888, 3.02
600889, 7.19
600961, 3.67
600963, 1.43
600967, 3.58
600971, 3.28
600979, 0.94
600981, 3.17
600982, 5.44
600987, 4.16
600992, 2.33
601011, 3.35
601038, 1.64
601058, 1.88
601088, 0.13
601100, 1.71
601107, 1.39
601117, 0.38
601118, 2.36
601139, 0.3
601177, 1.73
601188, 0.54
601208, 2.13
601216, 0.74
601218, 1.69
601288, 0.04
601328, 0.14
601339, 1.04
601369, 0.6
601398, 0.02
601567, 0.74
601666, 1.18
601678, 1.35
601699, 2.04
601798, 0.94
601818, 0.21
601880, 0.84
601899, 2.96
601969, 1.1
601996, 1.92
601998, 0.12
601999, 1.67
603123, 2.04
603126, 4.35
603167, 2.4
603366, 0.93
603618, 5.81
900905, 0.4
900929, 0.59
000009, 3.39
000016, 2.38
000029, 1.01
000039, 1.23
000040, 1.41
000058, 2.79
000060, 4.89
000088, 0.44
000166, 1.45
000301, 1.06
000338, 0.98
000417, 1.52
000419, 1.29
000420, 1.9
000422, 1.68
000428, 1.19
000430, 2.61
000507, 1.63
000510, 2.35
000514, 1.53
000521, 2.08
000523, 2.43
000525, 1.16
000530, 10.32
000541, 5.85
000548, 2.07
000552, 2.78
000561, 3.26
000564, 1.96
000576, 1.12
000589, 1.75
000599, 2.77
000627, 1.43
000652, 1.7
000655, 4.38
000656, 1.08
000682, 1.67
000692, 1.65
000698, 4.21
000707, 2.69
000713, 2.94
000726, 1.75
000731, 2.08
000739, 1.9
000751, 8.49
000756, 1.34
000782, 2.91
000785, 2.82
000786, 3.21
000789, 2.81
000807, 5.88
000811, 2.03
000812, 2.42
000822, 0.77
000837, 3.06
000850, 2.2
000859, 1.87
000862, 1.82
000877, 2.22
000878, 5.44
000888, 0.72
000900, 1.06
000905, 2.1
000906, 1.82
000913, 1.97
000918, 1.01
000919, 1.47
000926, 3.75
000928, 3.12
000935, 2.97
000937, 1.11
000949, 2.81
000978, 1.19
001896, 1.55
002005, 2.12
002015, 2.93
002028, 2.04
002029, 1.36
002033, 2.31
002047, 2.02
002060, 2.76
002062, 1.16
002083, 1.62
002087, 7.76
002092, 5.67
002098, 2.98
002109, 0.95
002128, 1.8
002132, 2.42
002160, 3.29
002166, 3.19
002168, 3.05
002170, 3.67
002187, 1.25
002215, 2.48
002220, 2.02
002225, 2.06
002236, 3.02
002248, 5.5
002258, 1.61
002267, 0.84
002288, 5.53
002300, 1.11
002302, 0.83
002307, 1.96
002327, 2.18
002334, 3.29
002337, 2.14
002342, 1.72
002344, 1.28
002360, 2.16
002363, 2.65
002377, 1.71
002378, 4.94
002381, 3.4
002390, 2.24
002391, 2.16
002392, 2.27
002404, 3.49
002429, 1.37
002433, 2.64
002457, 4.58
002470, 0.81
002471, 1.64
002476, 1.8
002479, 0.9
002481, 4.04
002487, 3.27
002528, 2.77
002538, 1.34
002564, 3.2
002565, 1.75
002593, 2.86
002597, 4.05
002598, 3.31
002601, 5.61
002607, 3.25
002614, 2.04
002628, 2.06
002641, 1.81
002648, 1.85
