600051, 1.26
600059, 1.25
600078, 2.4
600084, 2.13
600112, 2.05
600143, 0.79
600151, 2.47
600160, 1.88
600180, 0.38
600208, 1.3
600240, 0.68
600251, 0.95
600267, 0.83
600268, 0.93
600275, 1.67
600280, 2.0
600281, 0.84
600289, 5.15
600295, 1.05
600299, 0.58
600311, 4.98
600323, 0.85
600325, 1.13
600348, 1.51
600353, 3.27
600359, 1.86
600387, 2.21
600393, 1.65
600466, 2.42
600470, 2.88
600480, 5.45
600487, 2.0
600503, 6.05
600509, 0.64
600516, 2.09
600517, 0.8
600526, 3.8
600561, 1.14
600589, 4.1
600609, 0.83
600616, 1.42
600638, 4.61
600681, 4.66
600683, 0.29
600708, 1.05
600720, 0.92
600723, 1.36
600758, 4.85
600761, 0.59
600776, 2.38
600784, 2.93
600794, 1.8
600807, 7.85
600814, 1.44
600830, 1.61
600844, 1.17
600888, 1.0
600890, 0.71
600969, 1.58
600985, 1.98
601028, 1.05
601177, 0.73
601208, 2.04
601218, 1.75
601288, 0.02
601328, 0.11
601398, 0.01
601588, 0.73
601798, 0.79
601880, 1.49
601898, 0.47
601899, 1.98
601901, 2.39
601939, 0.72
601968, 4.03
601969, 0.43
601999, 0.94
603123, 1.06
603167, 2.71
000026, 2.02
000030, 0.4
000040, 1.03
000043, 5.8
000153, 2.25
000413, 2.11
000417, 0.69
000419, 0.85
000519, 3.34
000521, 1.71
000530, 2.49
000541, 2.41
000544, 1.37
000591, 1.58
000650, 1.97
000655, 2.93
000656, 1.77
000682, 1.96
000708, 1.3
000731, 1.28
000786, 3.01
000807, 1.66
000811, 1.08
000816, 1.86
000822, 0.71
000850, 1.18
000889, 1.65
000903, 3.27
000905, 1.14
000926, 1.67
000928, 1.69
000933, 1.85
000935, 3.17
000951, 0.77
002005, 2.55
002011, 1.91
002028, 1.7
002047, 1.02
002062, 0.94
002084, 3.9
002098, 1.78
002102, 3.67
002105, 3.27
002118, 1.87
002146, 0.32
002160, 2.79
002165, 3.9
002166, 2.74
002216, 1.91
002220, 1.94
002225, 1.49
002226, 2.84
002232, 3.65
002243, 1.49
002250, 1.09
002258, 0.81
002277, 1.11
002293, 0.71
002300, 0.56
002305, 0.87
002327, 2.65
002328, 8.21
002334, 4.93
002337, 1.99
002381, 2.33
002386, 1.19
002391, 1.7
002394, 1.62
002404, 6.51
002406, 1.35
002470, 0.61
002476, 1.59
002478, 1.23
002479, 1.17
002483, 2.85
002578, 6.57
002613, 4.15
002666, 1.63
002678, 0.33
159902, 0
159909, 0
159922, 0
200020, 0.15
200030, 0.14
200045, 0.49
200413, 0.21
200468, 0.18
200512, 0.15
200530, 0.09
200706, 0.02
300018, 8.89
300022, 2.8
300029, 2.85
300039, 2.63
300064, 2.2
300074, 7.03
300094, 2.96
300105, 3.07
300107, 2.47
300175, 1.67
300179, 2.68
300181, 3.05
300214, 2.61
300283, 3.13
300297, 4.67
