600028, 0.14
600033, 0.35
600039, 0.62
600063, 1.92
600068, 0.72
600073, 2.37
600075, 1.19
600078, 2.99
600098, 0.61
600106, 0.88
600127, 1.39
600159, 1.08
600160, 0.94
600163, 0.85
600170, 0.88
600192, 2.27
600203, 1.17
600248, 1.21
600251, 2.12
600267, 0.51
600277, 1.56
600297, 0.88
600308, 0.75
600322, 4.48
600328, 1.31
600336, 3.45
600356, 2.21
600359, 2.93
600361, 1.95
600368, 0.98
600397, 0.94
600502, 1.54
600505, 2.67
600528, 1.93
600540, 1.58
600569, 1.03
600676, 1.05
600688, 0.55
600719, 2.2
600731, 2.28
600775, 0.86
600784, 2.35
600787, 2.21
600789, 3.98
600798, 0.97
600820, 0.63
600825, 0.43
600828, 2.98
600830, 3.49
600862, 0.77
600871, 2.13
600917, 6.04
600961, 0.59
600963, 1.1
600975, 1.88
600984, 0.77
601007, 1.88
601012, 0.58
601038, 4.8
601113, 0.55
601177, 0.98
601636, 0.85
601717, 1.42
601857, 0.02
601918, 0.89
601933, 0.54
603123, 0.86
900905, 0.05
000066, 2.62
000416, 4.04
000420, 1.73
000428, 0.81
000429, 0.96
000488, 1.89
000498, 2.23
000507, 1.24
000523, 0.95
000548, 2.0
000553, 3.72
000561, 0.99
000572, 1.41
000589, 2.6
000599, 2.22
000628, 1.9
000636, 1.04
000637, 6.99
000707, 2.51
000725, 2.06
000753, 1.19
000755, 2.68
000756, 0.78
000767, 0.8
000800, 0.76
000801, 0.42
000830, 0.85
000859, 1.52
000877, 2.07
000921, 0.88
000949, 1.73
000962, 1.6
000965, 1.7
000968, 0.73
000972, 5.68
001896, 3.81
002078, 0.6
002109, 3.63
002145, 1.45
002187, 1.73
002204, 0.65
002215, 1.31
002233, 1.24
002243, 2.06
002244, 0.56
002255, 2.21
002332, 0.71
002347, 14.24
002388, 16.15
002447, 2.03
002453, 2.61
002465, 1.14
002479, 1.41
002489, 0.86
002503, 1.39
002523, 0.65
002564, 8.13
002575, 0.65
002585, 1.35
002637, 0.93
002648, 0.7
002677, 0.61
002678, 0.44
200026, 0.5
200037, 1.46
200055, 0.23
200056, 0.1
200488, 0.23
200992, 0.14
300040, 7.47
300111, 1.58
300142, 0.59
300201, 2.26
300239, 1.0
300283, 1.11
