600008, 1.01
600011, 0.69
600015, 0.34
600018, 0.55
600020, 1.75
600021, 2.27
600023, 0.71
600026, 1.46
600027, 1.97
600029, 2.44
600033, 1.0
600039, 1.42
600048, 0.42
600074, 1.31
600109, 1.29
600160, 1.06
600166, 1.51
600170, 2.97
600176, 1.49
600177, 0.45
600208, 0.17
600219, 2.76
600221, 1.92
600249, 9.21
600252, 1.57
600261, 0.48
600269, 1.01
600297, 1.01
600299, 1.02
600300, 0.75
600323, 0.94
600327, 1.42
600335, 0.54
600350, 0.22
600352, 1.01
600368, 1.9
600377, 0.08
600399, 3.76
600489, 1.15
600496, 1.18
600502, 3.09
600508, 1.8
600512, 2.16
600537, 1.62
600546, 0.65
600548, 0.21
600550, 1.17
600578, 0.56
600582, 1.02
600583, 0.97
600635, 1.68
600642, 1.23
600674, 0.52
600690, 0.63
600703, 0.61
600704, 8.05
600705, 0.8
600717, 1.73
600728, 0.45
600743, 0.33
600755, 0.93
600761, 1.65
600798, 1.58
600808, 1.28
600814, 7.43
600820, 2.76
600839, 2.07
600863, 3.3
600872, 0.32
600873, 0.98
600881, 1.64
600886, 1.5
600900, 0.17
600963, 0.95
600967, 3.02
600997, 1.26
601000, 2.36
601009, 1.37
601018, 0.75
601058, 1.07
601117, 0.97
601118, 2.34
601158, 0.15
601179, 0.65
601225, 0.25
601288, 0.17
601328, 0.24
601377, 0.71
601390, 0.62
601398, 0.06
601588, 0.99
601618, 0.91
601669, 0.89
601766, 0.69
601818, 0.26
601872, 1.11
601898, 0.22
601899, 0.69
601933, 0.78
601939, 1.74
601988, 0.12
601989, 1.79
601991, 1.06
601998, 0.19
603366, 0.49
603993, 0.89
900905, 0.19
000069, 0.36
000100, 1.15
000416, 1.46
000426, 2.24
000429, 0.7
000514, 14.64
000520, 2.5
000521, 2.18
000566, 1.37
000572, 1.21
000589, 3.98
000599, 3.89
000600, 1.63
000630, 2.51
000636, 3.89
000688, 1.5
000717, 0.69
000729, 0.39
000739, 0.84
000751, 3.13
000761, 0.65
000782, 5.08
000786, 1.1
000798, 3.95
000852, 2.03
000863, 0.55
000868, 1.28
000883, 0.5
000897, 3.61
000900, 1.06
000937, 1.72
000967, 0.53
001896, 4.61
002028, 1.64
002109, 0.89
002128, 0.89
002146, 0.38
002178, 1.41
002198, 3.08
002203, 0.52
002204, 1.2
002214, 1.11
002221, 1.49
002236, 0.66
002244, 0.43
002254, 1.33
002255, 3.36
002367, 0.86
002376, 1.18
002453, 2.45
002535, 2.11
002677, 1.59
159927, 0
200037, 0.23
200055, 0.25
200429, 2.24
200488, 0.59
300040, 3.97
300129, 2.11
300198, 1.69
300219, 1.32
300225, 2.05
300267, 0.45
300303, 2.74
