600039, 2.67
600108, 1.47
600133, 4.79
600159, 2.41
600169, 0.95
600186, 1.57
600227, 2.55
600238, 1.06
600285, 1.23
600290, 2.64
600313, 0.75
600325, 1.29
600326, 2.63
600336, 2.12
600383, 0.43
600415, 0.77
600425, 1.25
600426, 0.2
600462, 1.39
600493, 7.27
600495, 1.72
600496, 6.3
600509, 0.9
600546, 1.17
600561, 1.94
600565, 2.28
600581, 3.18
600644, 1.57
600664, 0.29
600728, 3.46
600743, 0.37
600780, 0.47
600791, 1.72
600802, 2.59
600820, 1.83
600857, 1.49
600866, 3.21
600967, 1.26
600995, 1.38
600997, 1.8
601100, 1.7
601188, 0.44
601218, 4.31
601231, 1.43
601518, 1.12
601669, 0.17
601801, 0.58
601999, 1.56
603333, 3.2
000157, 0.52
000404, 1.79
000528, 1.37
000554, 3.37
000589, 1.86
000607, 1.14
000610, 4.79
000679, 5.73
000702, 3.5
000731, 3.85
000753, 2.94
000822, 1.4
000875, 3.07
000912, 2.65
000949, 2.44
000962, 1.9
000976, 1.23
002042, 0.83
002084, 5.75
002100, 3.25
002185, 2.44
002225, 2.3
002243, 3.09
002314, 6.09
002386, 1.95
002392, 2.07
002404, 2.16
002437, 0.63
002453, 2.07
002486, 4.39
002514, 1.94
002521, 7.24
002528, 2.54
002534, 0.72
002542, 1.17
002550, 1.58
002560, 6.65
002575, 2.1
002613, 1.37
002688, 2.17
002697, 1.84
159927, 0
200011, 0.9
200026, 0.54
200030, 0.85
200429, 0.22
200488, 0.21
200706, 0.22
300083, 1.93
300099, 3.66
300175, 5.8
300225, 1.98
