600028, 0.15
600059, 0.44
600063, 3.84
600073, 1.1
600078, 3.61
600096, 1.05
600098, 0.61
600106, 0.67
600110, 1.85
600115, 1.45
600127, 1.8
600159, 0.82
600160, 1.09
600163, 1.06
600170, 0.64
600218, 1.51
600251, 2.08
600267, 0.42
600277, 0.97
600279, 1.49
600281, 1.4
600308, 1.77
600311, 2.26
600322, 4.89
600328, 1.7
600336, 3.63
600356, 1.09
600359, 4.02
600361, 1.71
600390, 1.31
600397, 1.02
600423, 5.21
600439, 0.64
600448, 1.47
600470, 5.72
600502, 2.19
600508, 0.54
600528, 1.74
600540, 1.9
600558, 3.59
600586, 1.48
600596, 2.14
600614, 3.07
600624, 1.83
600644, 1.29
600665, 0.38
600676, 0.88
600688, 0.63
600704, 2.09
600719, 3.66
600724, 0.43
600769, 1.12
600775, 0.56
600787, 1.44
600824, 1.54
600828, 2.6
600871, 1.93
600880, 3.09
600881, 0.75
600961, 0.67
600963, 1.19
600975, 1.84
601008, 1.47
601012, 0.72
601015, 3.6
601117, 0.42
601177, 0.74
601208, 0.58
601857, 0.02
601918, 0.84
601933, 0.88
603002, 1.31
603123, 0.6
603167, 1.29
900905, 0.14
000006, 2.77
000066, 1.31
000159, 1.98
000301, 1.56
000420, 1.43
000422, 1.53
000428, 0.51
000429, 0.92
000498, 3.67
000537, 1.07
000548, 2.86
000551, 1.86
000570, 1.97
000572, 1.58
000589, 3.83
000599, 2.41
000637, 2.26
000655, 1.78
000683, 3.54
000692, 1.14
000698, 3.36
000707, 2.28
000713, 1.44
000725, 3.56
000731, 4.72
000753, 1.28
000767, 0.73
000785, 1.52
000801, 0.79
000830, 1.19
000859, 1.39
000877, 2.23
000949, 2.23
000962, 1.83
000965, 0.79
000972, 2.64
002061, 2.52
002064, 0.71
002078, 0.98
002087, 1.32
002125, 1.61
002145, 2.15
002163, 3.52
002187, 1.29
002198, 1.62
002204, 0.74
002215, 2.14
002233, 1.2
002243, 2.48
002244, 0.36
002255, 2.7
002332, 0.39
002333, 0.61
002418, 1.84
002447, 2.58
002453, 5.59
002465, 0.88
002521, 0.89
002523, 0.64
002565, 0.63
002585, 1.22
002678, 0.54
200011, 0.28
200017, 0.15
200037, 0.11
200055, 0.44
200056, 0.08
200488, 0.47
200570, 0.09
200706, 0.02
300105, 1.25
300129, 0.89
300137, 1.91
300201, 2.01
300332, 0.45
