600018, 0.14
600027, 0.39
600035, 3.47
600050, 0.25
600089, 0.69
600165, 1.25
600170, 2.07
600183, 3.4
600221, 0.94
600236, 1.41
600239, 7.52
600240, 2.56
600269, 0.5
600310, 1.04
600333, 3.06
600346, 1.04
600350, 0.33
600368, 2.15
600377, 0.09
600396, 2.1
600400, 1.17
600429, 0.84
600602, 6.57
600603, 0.99
600611, 5.32
600635, 4.79
600642, 0.92
600674, 0.31
600684, 2.68
600713, 3.65
600726, 3.69
600824, 3.43
600825, 1.99
600827, 2.3
600886, 1.45
600900, 0.1
600997, 0.63
601011, 5.97
601088, 0.06
601216, 0.52
601233, 4.71
601668, 0.52
601801, 0.47
601872, 0.67
601933, 0.4
601939, 0.36
601988, 0.04
000001, 0.29
000429, 1.07
000498, 3.98
000521, 6.58
000525, 1.48
000573, 1.76
000598, 1.71
000600, 1.22
000659, 1.35
000677, 3.77
000690, 0.74
000828, 3.22
000856, 0.95
000862, 1.35
000897, 3.13
000900, 1.36
000966, 1.37
000987, 4.14
002060, 17.44
002321, 3.52
002391, 1.35
002419, 1.27
002470, 0.33
002526, 3.96
002678, 1.29
159911, 0
200017, 0.51
200030, 1.08
200429, 0.69
200488, 0.19
300185, 11.94
300318, 6.03
