600015, 1.34
600026, 0.69
600027, 0.46
600028, 0.1
600031, 0.23
600048, 1.89
600077, 2.84
600089, 0.91
600126, 1.01
600165, 1.77
600216, 2.0
600227, 0.95
600236, 1.52
600269, 0.82
600275, 1.53
600284, 0.91
600322, 2.97
600325, 5.61
600336, 2.47
600346, 0.55
600350, 0.41
600353, 1.23
600377, 0.15
600422, 0.91
600426, 0.56
600449, 1.35
600507, 0.78
600508, 0.84
600537, 2.94
600546, 0.78
600603, 1.07
600611, 1.8
600618, 0.68
600674, 0.55
600684, 3.01
600720, 1.28
600755, 2.34
600791, 2.94
600795, 0.64
600806, 1.12
600810, 1.24
600820, 0.99
600824, 0.85
600825, 0.9
600827, 0.74
600844, 0.9
600886, 1.47
600971, 2.79
600997, 1.15
601009, 1.43
601012, 1.44
601058, 2.55
601139, 0.13
601158, 0.24
601199, 0.85
601636, 10.91
601801, 0.31
601818, 0.53
601898, 0.14
601918, 0.67
601933, 2.0
601939, 1.58
601988, 0.11
601991, 0.13
601998, 0.21
000001, 0.94
000016, 2.82
000027, 0.29
000029, 3.1
000069, 1.24
000088, 0.36
000090, 2.84
000507, 0.97
000510, 17.72
000521, 2.16
000533, 0.63
000539, 0.89
000540, 2.5
000564, 1.95
000566, 1.56
000597, 0.61
000598, 0.94
000600, 0.8
000652, 0.77
000659, 1.59
000677, 1.24
000690, 0.78
000703, 0.49
000709, 0.56
000717, 0.8
000786, 0.75
000825, 0.54
000830, 0.8
000856, 0.29
000862, 1.06
000863, 1.65
000877, 1.05
000897, 2.6
000898, 0.24
000899, 0.52
000900, 0.76
000937, 0.59
000959, 2.4
000962, 1.28
002078, 1.25
002087, 1.83
002099, 1.03
002128, 1.0
002133, 8.17
002187, 1.31
002264, 0.96
002277, 0.74
002302, 0.8
002305, 1.08
002332, 1.22
002360, 2.03
002419, 0.63
002509, 2.25
002561, 1.15
002597, 1.79
002648, 1.09
002665, 0.49
200011, 0.45
200012, 0.26
200016, 0.17
200030, 0.2
200429, 0.23
200488, 0.27
200541, 0.13
300064, 2.34
300175, 3.42
