600048, 0.29
600051, 1.31
600052, 2.16
600059, 1.11
600075, 3.05
600076, 8.25
600078, 1.83
600084, 2.23
600099, 2.23
600123, 1.37
600130, 6.7
600143, 0.65
600151, 2.25
600160, 1.91
600176, 1.11
600208, 0.63
600218, 3.66
600229, 4.6
600240, 0.82
600246, 0.42
600251, 2.18
600267, 0.77
600275, 3.05
600280, 1.22
600285, 3.81
600287, 1.77
600288, 3.59
600295, 0.66
600308, 1.79
600323, 0.77
600325, 1.83
600328, 7.17
600348, 0.79
600353, 1.54
600359, 7.26
600362, 1.25
600368, 1.13
600375, 1.19
600393, 0.84
600397, 1.39
600409, 1.27
600410, 3.25
600422, 1.31
600468, 1.11
600470, 3.57
600483, 1.16
600487, 1.23
600495, 5.59
600503, 4.58
600505, 0.97
600508, 0.53
600512, 2.14
600517, 2.06
600526, 4.65
600561, 1.47
600624, 3.39
600638, 2.08
600644, 1.05
600658, 0.45
600683, 0.39
600698, 4.03
600708, 0.76
600716, 1.7
600720, 1.65
600723, 0.75
600758, 8.92
600770, 3.52
600797, 2.72
600807, 6.53
600814, 2.59
600830, 4.32
600844, 1.11
600868, 21.89
600872, 2.35
600894, 1.48
600967, 2.78
600969, 2.31
600971, 1.62
600981, 3.87
600982, 7.64
601001, 1.61
601088, 0.09
601177, 0.86
601208, 2.37
601218, 1.81
601288, 0.02
601328, 0.15
601398, 0.02
601666, 0.45
601677, 0.45
601699, 1.0
601798, 0.83
601880, 1.01
601898, 0.2
601899, 0.93
601901, 1.64
601939, 1.38
601969, 0.47
601999, 0.85
603123, 1.42
603126, 3.91
603167, 2.17
603969, 6.3
603998, 4.12
000026, 1.79
000029, 1.18
000059, 3.01
000063, 1.06
000413, 4.43
000419, 0.89
000422, 1.16
000428, 1.01
000507, 1.42
000521, 1.79
000525, 1.07
000530, 3.33
000541, 1.97
000543, 1.43
000544, 1.2
000548, 1.6
000589, 1.25
000650, 1.94
000656, 0.8
000682, 1.78
000708, 0.76
000713, 2.34
000731, 1.48
000756, 1.14
000786, 1.3
000807, 2.02
000811, 1.29
000816, 1.72
000822, 0.81
000851, 5.46
000889, 1.79
000926, 6.58
000928, 2.48
000935, 5.3
000937, 0.64
000965, 3.32
002005, 3.12
002011, 2.17
002047, 1.84
002083, 1.03
002092, 3.47
002098, 2.55
002102, 6.38
002118, 1.39
002128, 1.21
002160, 1.74
002165, 4.35
002166, 4.76
002187, 0.86
002198, 2.39
002216, 1.06
002220, 1.49
002225, 1.73
002243, 2.28
002250, 1.33
002258, 0.88
002293, 0.41
002300, 0.86
002305, 0.69
002327, 1.6
002337, 2.96
002363, 2.79
002381, 2.6
002391, 1.67
002404, 3.13
002406, 1.49
002433, 2.17
002457, 3.2
002470, 0.79
002476, 2.08
002478, 1.08
002479, 2.24
002489, 4.45
002501, 3.76
002538, 1.49
002564, 4.64
002578, 1.99
002598, 2.88
002607, 3.56
002641, 0.62
002648, 0.84
002666, 2.09
002678, 0.37
002743, 7.14
159901, 0
159902, 0
159911, 0
159922, 0
200011, 0.44
200020, 1.33
200045, 0.68
200058, 0.33
200413, 0.25
200512, 0.09
200530, 0.1
200706, 0.1
300039, 2.82
300064, 2.31
300074, 6.93
300086, 3.51
300094, 3.02
300107, 2.88
300123, 2.49
300129, 3.24
300147, 2.83
300164, 2.33
300179, 3.06
300181, 3.44
300192, 5.02
300214, 2.65
300237, 1.76
300283, 5.62
300301, 3.28
