600006, 0.83
600008, 1.69
600010, 0.4
600011, 0.12
600012, 0.21
600051, 1.55
600067, 0.55
600076, 6.22
600078, 2.03
600080, 1.1
600084, 10.93
600089, 0.94
600093, 1.06
600094, 0.42
600096, 0.96
600100, 1.57
600101, 2.88
600116, 1.31
600121, 1.48
600123, 1.9
600135, 2.27
600141, 1.68
600159, 0.8
600160, 0.97
600185, 0.37
600199, 2.47
600202, 2.38
600203, 1.47
600210, 3.05
600216, 1.17
600223, 0.91
600227, 1.56
600229, 0.78
600240, 0.56
600255, 1.93
600261, 0.47
600266, 0.72
600273, 2.08
600280, 0.79
600290, 1.66
600297, 1.15
600302, 0.89
600337, 1.78
600339, 1.15
600353, 2.28
600356, 1.28
600359, 9.77
600365, 0.94
600376, 0.44
600377, 0.04
600378, 0.64
600380, 0.58
600386, 1.16
600396, 0.36
600405, 1.06
600448, 3.73
600458, 0.69
600460, 0.95
600470, 2.43
600499, 0.69
600503, 1.88
600505, 1.66
600516, 2.11
600517, 0.47
600540, 7.29
600561, 1.44
600575, 0.51
600597, 0.55
600601, 0.97
600613, 3.15
600621, 1.15
600635, 2.07
600643, 0.87
600644, 3.86
600683, 0.42
600695, 1.02
600705, 0.9
600707, 1.48
600717, 0.49
600719, 1.22
600722, 2.56
600728, 3.59
600738, 0.78
600758, 4.6
600761, 1.41
600770, 0.83
600780, 0.67
600803, 1.4
600805, 0.98
600806, 2.28
600828, 6.12
600831, 1.2
600846, 1.16
600862, 0.84
600864, 3.33
600866, 2.76
600869, 0.47
600880, 2.72
600882, 0.72
600889, 3.7
600894, 0.64
600965, 0.31
600981, 1.58
600983, 0.85
600985, 1.54
600987, 0.53
601012, 0.59
601107, 0.71
601139, 0.24
601199, 0.84
601208, 2.94
601218, 0.76
601222, 0.9
601225, 0.39
601231, 0.16
601313, 0.71
601368, 1.27
601567, 0.22
601579, 0.84
601608, 0.59
601777, 1.16
601886, 0.26
601996, 10.39
603002, 4.36
603012, 0.51
603015, 2.25
603077, 0.81
603123, 0.91
603167, 1.3
603618, 1.95
000009, 1.17
000021, 0.7
000030, 0.47
000043, 1.63
000058, 0.69
000068, 0.64
000069, 0.31
000089, 0.47
000099, 3.98
000409, 1.4
000410, 1.86
000415, 0.58
000417, 1.25
000419, 1.69
000421, 0.74
000429, 0.92
000430, 1.78
000505, 0.91
000507, 1.95
000510, 2.15
000520, 3.3
000521, 0.86
000530, 1.09
000540, 0.62
000551, 1.54
000559, 0.36
000563, 1.81
000564, 1.87
000565, 3.52
000570, 1.6
000572, 2.37
000607, 2.99
000620, 0.53
000628, 1.01
000652, 1.33
000680, 4.02
000705, 1.01
000713, 1.23
000715, 1.63
000717, 0.67
000726, 2.33
000735, 2.57
000739, 1.21
000756, 4.48
000759, 0.82
000785, 0.71
000790, 0.76
000800, 1.29
000810, 0.98
000813, 0.66
000816, 1.47
000836, 3.23
000851, 2.05
000862, 1.16
000863, 0.31
000888, 0.88
000899, 1.62
000950, 0.89
000955, 0.96
000961, 1.82
000962, 1.22
000969, 0.91
002003, 0.59
002004, 0.63
002006, 1.34
002009, 1.27
002020, 1.1
002023, 1.79
002026, 5.74
002031, 1.86
002033, 1.33
002045, 3.05
002054, 2.64
002056, 1.19
002063, 1.28
002064, 0.84
002067, 1.89
002071, 1.73
002073, 0.86
002076, 1.45
002079, 0.86
002081, 0.63
002083, 0.53
002084, 0.83
002087, 0.9
002091, 0.69
002093, 1.5
002097, 6.65
002102, 1.6
002104, 1.04
002116, 0.43
002121, 0.9
002130, 1.58
002131, 1.74
002133, 2.08
002135, 1.16
002137, 0.94
002139, 1.94
002145, 5.26
002156, 0.54
002158, 0.61
002161, 0.6
002170, 0.68
002181, 0.33
002187, 0.83
002194, 1.54
002218, 2.67
002220, 0.72
002225, 1.61
002226, 4.33
002228, 0.95
002232, 0.87
002238, 0.36
002240, 1.66
002243, 0.68
002245, 3.58
002249, 1.09
002270, 1.0
002274, 0.92
002276, 0.91
002288, 1.67
002293, 0.21
002296, 0.96
002298, 1.44
002303, 0.54
002327, 1.04
002328, 1.87
002332, 2.54
002334, 3.77
002337, 0.9
002344, 0.44
002345, 0.6
002348, 3.66
002369, 1.59
002375, 1.05
002376, 0.84
002392, 1.88
002402, 1.31
002403, 0.87
002404, 1.7
002408, 1.15
002416, 0.51
002420, 1.0
002421, 0.81
002423, 2.07
002429, 1.2
002433, 1.47
002441, 0.85
002442, 0.89
002454, 0.78
002457, 1.3
002461, 2.12
002463, 0.71
002465, 1.48
002474, 1.83
002483, 3.6
002496, 3.09
002497, 0.77
002501, 1.85
002502, 0.89
002510, 1.25
002516, 1.59
002520, 0.68
002527, 1.79
002531, 0.36
002532, 0.94
002533, 1.57
002536, 1.05
002538, 1.07
002559, 1.87
002565, 0.78
002566, 1.78
002570, 0.57
002586, 0.45
002593, 0.9
002637, 1.57
002639, 5.56
002641, 0.39
002655, 2.47
002666, 0.87
002682, 1.07
002688, 0.57
002689, 1.89
002693, 1.67
002707, 2.27
002708, 2.72
002743, 2.85
002770, 6.94
159901, 0
159902, 0
159909, 0
159911, 0
159922, 0
200020, 0.11
200022, 0.1
200030, 0.19
200429, 0.81
200468, 0.03
200505, 0.08
200521, 0.17
200539, 0.27
200541, 0.1
200706, 0.07
200771, 0.18
300002, 1.16
300018, 1.01
300019, 1.79
300027, 0.82
300039, 1.3
300041, 1.11
300048, 1.1
300050, 2.72
300053, 1.37
300074, 1.75
300079, 1.22
300082, 1.24
300087, 1.25
300092, 1.3
300094, 1.55
300102, 1.85
300105, 2.73
300108, 1.38
300112, 1.55
300126, 5.41
300131, 5.0
300132, 0.9
300139, 1.53
300146, 0.61
300147, 0.73
300152, 2.86
300154, 0.72
300155, 1.57
300157, 1.59
300162, 1.54
300165, 2.68
300170, 2.3
300171, 0.72
300198, 5.19
300206, 0.87
300207, 1.71
300211, 0.97
300214, 1.78
300232, 1.65
300247, 2.47
300256, 3.83
300259, 1.28
300263, 0.97
300267, 0.29
300274, 0.99
300283, 1.18
300287, 1.54
300289, 1.59
300290, 1.22
300297, 0.95
300303, 1.42
300305, 1.9
300318, 1.01
300325, 0.8
300326, 1.29
300328, 0.95
300370, 1.77
