600006, 0.7
600008, 2.88
600011, 0.13
600012, 0.38
600051, 2.71
600067, 0.51
600076, 8.82
600078, 2.12
600080, 0.86
600089, 0.88
600093, 1.18
600094, 0.26
600095, 4.41
600096, 0.81
600100, 1.63
600105, 0.67
600111, 0.45
600116, 2.37
600121, 1.94
600123, 1.44
600141, 2.44
600160, 0.95
600185, 0.52
600190, 0.32
600199, 2.08
600203, 1.65
600206, 0.97
600210, 1.36
600216, 1.05
600223, 0.67
600227, 1.26
600229, 1.29
600261, 0.5
600266, 1.15
600273, 1.53
600280, 0.92
600295, 0.7
600297, 1.3
600328, 1.52
600337, 1.61
600348, 0.83
600356, 1.86
600359, 15.47
600365, 1.29
600377, 0.06
600378, 0.67
600380, 0.72
600386, 1.29
600388, 1.25
600396, 0.31
600403, 0.22
600405, 1.29
600448, 2.34
600458, 0.73
600460, 0.73
600468, 0.31
600470, 2.46
600499, 0.8
600503, 1.78
600505, 2.25
600516, 1.46
600517, 0.68
600540, 2.35
600561, 2.17
600575, 0.73
600583, 0.43
600589, 0.87
600597, 0.67
600601, 1.31
600613, 1.74
600621, 2.06
600623, 0.84
600635, 0.71
600643, 0.69
600644, 4.37
600683, 0.35
600695, 1.14
600705, 0.7
600707, 2.12
600708, 0.94
600716, 0.7
600719, 1.48
600722, 3.73
600728, 2.67
600730, 1.06
600738, 1.03
600758, 4.72
600761, 2.36
600770, 0.91
600780, 0.43
600787, 0.74
600803, 0.69
600805, 0.94
600806, 2.18
600831, 1.78
600846, 1.08
600862, 0.96
600864, 2.33
600869, 0.23
600880, 5.12
600882, 0.96
600894, 0.62
600965, 0.5
600971, 0.88
600981, 1.11
600983, 0.57
600987, 1.04
601012, 0.61
601158, 0.29
601208, 1.21
601218, 1.01
601222, 1.26
601225, 0.22
601231, 0.2
601313, 0.73
601368, 1.26
601567, 0.14
601579, 0.77
601608, 0.82
601717, 1.03
601777, 1.8
601808, 0.1
601886, 0.25
601996, 9.06
601999, 0.73
603002, 1.68
603012, 0.83
603015, 1.45
603077, 0.47
603100, 1.35
603123, 1.24
603167, 1.22
603618, 2.24
603901, 3.52
603969, 2.87
000005, 1.98
000009, 1.22
000021, 1.1
000030, 0.38
000043, 1.2
000069, 0.29
000409, 1.53
000410, 1.35
000415, 0.94
000417, 3.29
000419, 3.14
000421, 0.9
000429, 1.29
000430, 2.96
000505, 1.38
000506, 1.16
000510, 2.23
000520, 6.04
000521, 0.98
000530, 1.02
000539, 0.35
000540, 0.48
000551, 1.45
000559, 0.48
000563, 1.77
000573, 3.02
000628, 1.36
000650, 0.84
000652, 1.95
000680, 3.8
000690, 0.42
000705, 1.7
000713, 1.2
000717, 0.4
000719, 1.56
000726, 0.78
000735, 4.17
000739, 1.74
000767, 0.44
000785, 0.91
000790, 0.65
000800, 1.25
000810, 0.88
000816, 0.96
000851, 3.99
000862, 1.16
000863, 0.65
000888, 1.46
000899, 0.9
000927, 2.44
000932, 0.3
000950, 1.21
000955, 0.8
000961, 2.95
000962, 1.61
000969, 1.2
002003, 0.49
002004, 0.71
002006, 1.63
002009, 1.34
002023, 2.9
002029, 0.46
002031, 1.68
002054, 0.62
002063, 1.52
002064, 1.18
002071, 1.79
002076, 1.77
002079, 0.89
002081, 0.43
002083, 0.93
002084, 0.85
002087, 1.19
002091, 0.7
002093, 1.18
002097, 6.23
002102, 1.16
002116, 0.59
002121, 0.74
002130, 1.45
002131, 1.61
002133, 1.38
002135, 0.87
002137, 1.06
002139, 2.21
002145, 3.96
002146, 0.72
002156, 0.98
002158, 0.55
002161, 0.65
002170, 0.66
002172, 1.32
002177, 1.18
002181, 0.5
002185, 1.43
002194, 1.89
002218, 0.73
002220, 1.23
002225, 2.46
002226, 3.77
002232, 0.88
002238, 0.55
002240, 2.17
002243, 0.51
002245, 1.86
002249, 1.15
002261, 1.11
002270, 1.28
002274, 1.29
002293, 0.26
002298, 1.03
002303, 0.77
002327, 1.21
002328, 2.11
002334, 1.36
002337, 0.65
002344, 0.52
002345, 0.69
002348, 0.99
002369, 2.15
002375, 0.34
002376, 1.26
002386, 1.49
002392, 2.12
002402, 1.44
002403, 0.58
002404, 1.99
002408, 0.83
002413, 3.14
002420, 0.9
002423, 0.82
002429, 0.62
002433, 1.34
002441, 1.05
002442, 0.5
002448, 2.42
002454, 1.18
002457, 1.27
002461, 1.61
002465, 1.72
002469, 1.93
002474, 2.35
002483, 2.65
002496, 7.37
002497, 0.96
002498, 0.16
002501, 2.22
002502, 0.81
002504, 1.98
002516, 2.25
002520, 0.81
002527, 1.93
002531, 0.44
002532, 0.66
002533, 2.76
002536, 0.77
002559, 0.82
002565, 0.85
002566, 2.02
002570, 0.79
002593, 1.7
002607, 1.24
002637, 1.93
002639, 4.14
002641, 0.3
002666, 0.89
002682, 1.25
002688, 0.98
002693, 3.64
002708, 1.61
002770, 11.13
159901, 0
159902, 0
159909, 0
159911, 0
159922, 0
200018, 0.22
200020, 0.05
200022, 0.2
200030, 0.17
200037, 0.21
200055, 0.26
200429, 0.16
200468, 0.06
200521, 0.07
200539, 0.26
200541, 0.1
200706, 0.17
200771, 0.14
300018, 1.09
300027, 1.11
300041, 1.24
300043, 0.93
300048, 2.01
300050, 1.89
300053, 2.3
300074, 2.47
300079, 1.02
300082, 0.83
300084, 1.46
300087, 1.45
300092, 1.32
300094, 0.75
300102, 2.55
300105, 0.85
300108, 1.73
300112, 1.53
300126, 3.05
300132, 0.63
300139, 2.05
300146, 0.72
300147, 0.81
300152, 2.38
300154, 0.91
300155, 1.19
300162, 2.1
300170, 1.74
300198, 2.24
300206, 0.98
300207, 1.79
300211, 1.05
300214, 1.46
300232, 1.34
300241, 2.24
300247, 1.96
300256, 5.72
300259, 1.1
300263, 0.9
300267, 0.43
300270, 1.09
300274, 1.01
300283, 1.15
300289, 1.91
300290, 1.57
300297, 1.24
300305, 1.77
300318, 1.17
300326, 1.97
300328, 1.9
300370, 2.09
