600031, 0.33
600068, 0.52
600082, 1.0
600090, 1.19
600095, 1.57
600099, 3.29
600108, 1.11
600112, 3.31
600126, 0.63
600127, 2.23
600152, 5.18
600156, 0.9
600159, 2.0
600175, 1.88
600183, 1.12
600202, 1.38
600208, 0.45
600215, 3.78
600218, 3.79
600222, 2.45
600223, 1.2
600227, 1.34
600237, 4.96
600243, 1.55
600248, 0.92
600249, 1.64
600257, 1.93
600268, 0.68
600279, 2.41
600281, 0.82
600284, 0.88
600288, 4.44
600289, 3.61
600293, 2.7
600295, 2.93
600302, 2.19
600335, 1.54
600336, 3.19
600337, 0.5
600346, 1.8
600353, 2.42
600355, 10.58
600356, 2.24
600368, 1.35
600377, 0.09
600389, 1.38
600415, 0.57
600416, 1.74
600449, 1.47
600463, 1.92
600505, 1.65
600509, 1.75
600555, 1.88
600565, 3.93
600586, 2.47
600598, 1.77
600601, 3.0
600608, 0.28
600611, 0.85
600618, 0.71
600628, 1.22
600662, 1.62
600665, 1.01
600674, 0.3
600676, 1.22
600684, 1.37
600691, 2.3
600695, 2.44
600698, 2.24
600713, 0.73
600723, 0.73
600724, 0.68
600744, 1.68
600760, 0.84
600761, 3.94
600780, 0.58
600791, 1.48
600792, 1.84
600810, 1.49
600812, 0.6
600814, 3.56
600819, 1.17
600820, 0.57
600825, 0.75
600827, 1.28
600830, 6.58
600834, 0.82
600853, 1.45
600865, 1.47
600870, 3.31
600881, 0.64
600886, 0.78
600985, 2.29
600995, 1.58
601000, 0.92
601002, 1.83
601007, 1.42
601016, 2.01
601058, 1.35
601158, 0.39
601177, 1.04
601208, 4.86
601218, 1.45
601233, 1.11
601333, 0.28
601818, 0.17
601880, 1.88
601929, 0.63
603077, 0.82
603333, 0.59
603366, 0.7
603969, 2.82
000001, 0.37
000006, 0.95
000010, 2.37
000011, 3.26
000016, 3.62
000026, 2.48
000030, 1.68
000045, 1.83
000089, 1.1
000100, 0.77
000153, 3.02
000158, 1.71
000301, 0.75
000338, 0.84
000514, 1.97
000518, 0.73
000525, 2.21
000533, 1.16
000570, 2.72
000585, 1.81
000592, 1.98
000597, 1.46
000599, 2.83
000600, 0.49
000611, 0.9
000631, 0.45
000663, 9.0
000677, 3.19
000690, 0.59
000713, 1.78
000721, 12.67
000722, 1.79
000737, 1.44
000753, 1.67
000788, 0.86
000809, 0.8
000828, 0.72
000837, 6.03
000862, 3.88
000880, 3.86
000890, 2.82
000897, 0.79
000898, 0.66
000908, 1.32
000912, 2.31
000926, 5.28
000949, 2.64
000972, 1.74
000976, 0.69
000978, 0.77
000993, 1.88
002011, 0.83
002018, 1.64
002028, 2.15
002060, 1.58
002083, 1.04
002084, 7.41
002093, 1.99
002106, 4.6
002122, 0.84
002132, 2.97
002133, 4.96
002162, 4.02
002163, 3.35
002181, 2.08
002195, 6.05
002225, 2.54
002251, 2.2
002264, 1.71
002269, 0.6
002302, 0.67
002307, 2.34
002334, 3.38
002337, 1.72
002374, 3.95
002381, 1.8
002386, 1.7
002388, 7.21
002392, 16.3
002404, 4.18
002406, 1.86
002408, 1.35
002420, 1.2
002423, 0.64
002442, 1.79
002455, 5.2
002476, 3.19
002478, 1.53
002480, 0.8
002493, 0.24
002507, 1.9
002526, 0.98
002578, 1.32
002583, 1.14
002598, 3.01
002644, 1.69
002648, 2.42
002671, 1.5
002678, 0.3
002683, 3.85
002700, 1.58
159909, 0
159927, 0
200011, 0.18
200012, 0.42
200026, 0.31
200029, 0.08
200030, 1.3
200054, 0.27
200058, 0.2
200429, 0.26
200468, 0.11
200488, 0.19
200512, 0.04
200521, 0.33
200541, 0.59
200570, 0.13
200771, 0.26
200992, 0.22
300029, 3.38
300087, 1.37
300090, 1.65
300107, 1.97
300129, 2.04
300132, 1.86
300150, 1.16
300152, 5.02
300185, 2.75
300187, 1.56
300197, 2.06
300206, 4.04
300301, 3.54
300307, 1.45
300344, 2.4
