600051, 1.29
600059, 1.44
600072, 1.79
600075, 3.96
600078, 1.81
600084, 2.15
600099, 2.01
600112, 3.11
600130, 5.16
600143, 0.59
600151, 2.62
600160, 1.57
600176, 1.19
600180, 0.94
600208, 0.5
600218, 8.35
600229, 3.41
600240, 1.15
600246, 0.45
600251, 1.31
600267, 0.85
600275, 2.11
600280, 2.27
600281, 0.81
600287, 1.95
600288, 5.63
600295, 0.68
600299, 1.13
600308, 2.48
600323, 0.8
600328, 4.16
600348, 0.76
600353, 1.43
600359, 2.53
600362, 1.33
600375, 1.16
600387, 1.51
600393, 1.13
600396, 1.79
600397, 1.5
600409, 1.71
600410, 5.09
600422, 2.58
600466, 1.98
600468, 1.5
600470, 2.96
600483, 1.47
600487, 1.77
600505, 1.05
600508, 0.73
600526, 5.2
600561, 1.7
600616, 2.04
600624, 3.54
600638, 3.31
600644, 0.99
600683, 0.45
600698, 3.27
600708, 0.98
600716, 2.09
600720, 1.47
600723, 0.85
600758, 5.01
600761, 0.95
600794, 1.45
600807, 5.55
600814, 1.57
600830, 2.35
600831, 2.2
600844, 1.11
600872, 1.53
600894, 1.69
600969, 1.58
600971, 1.49
600981, 5.28
601001, 1.39
601177, 1.24
601208, 4.05
601218, 1.87
601288, 0.02
601328, 0.13
601398, 0.02
601515, 0.7
601588, 1.21
601666, 0.47
601677, 0.61
601798, 0.76
601880, 1.42
601898, 0.13
601899, 1.13
601901, 2.49
601939, 0.9
601969, 0.37
601999, 1.1
603002, 10.45
603123, 1.26
603126, 4.09
603167, 3.15
000026, 2.41
000040, 1.46
000043, 3.52
000063, 1.73
000153, 1.91
000413, 1.86
000417, 1.2
000419, 0.85
000422, 1.23
000507, 1.27
000519, 6.52
000521, 1.69
000530, 2.58
000541, 2.58
000544, 1.27
000589, 1.27
000650, 3.33
000655, 2.09
000656, 1.24
000682, 2.07
000708, 0.65
000713, 2.5
000731, 2.2
000786, 1.94
000807, 1.36
000811, 1.59
000816, 2.2
000822, 1.6
000850, 1.21
000889, 1.86
000903, 4.28
000905, 1.12
000908, 3.42
000926, 1.9
000928, 1.9
000935, 3.22
000976, 3.55
002005, 2.46
002011, 2.98
002028, 1.92
002047, 1.26
002083, 1.5
002092, 4.88
002098, 3.93
002102, 4.1
002118, 2.25
002128, 0.91
002146, 0.29
002160, 3.14
002165, 4.3
002166, 7.3
002187, 1.43
002198, 1.65
002216, 2.01
002220, 2.2
002225, 1.41
002243, 2.03
002250, 2.08
002258, 0.98
002293, 0.61
002300, 0.74
002302, 0.7
002305, 0.53
002320, 1.37
002327, 2.14
002328, 5.25
002337, 2.09
002363, 3.69
002381, 2.92
002388, 7.61
002391, 1.84
002404, 3.84
002406, 1.92
002433, 3.9
002457, 3.81
002470, 0.66
002476, 1.57
002478, 1.07
002479, 1.47
002501, 3.4
002538, 1.32
002563, 0.44
002564, 7.83
002578, 4.63
002641, 1.06
002648, 0.92
002666, 1.48
002678, 0.49
159902, 0
159909, 0
159922, 0
200020, 0.15
200030, 0.14
200045, 0.49
200413, 0.21
200468, 0.18
200512, 0.15
200530, 0.09
200706, 0.02
300018, 8.89
300022, 2.8
300029, 2.85
300039, 2.63
300064, 2.2
300074, 7.03
300094, 2.96
300105, 3.07
300107, 2.47
300175, 1.67
300179, 2.68
300181, 3.05
300214, 2.61
300283, 3.13
300297, 4.67
