600039, 2.1
600051, 1.95
600093, 2.25
600108, 2.47
600121, 3.83
600127, 3.2
600128, 4.31
600133, 3.52
600156, 1.42
600159, 1.55
600160, 2.39
600215, 3.39
600223, 1.35
600226, 1.21
600238, 0.98
600250, 1.43
600257, 6.25
600283, 3.55
600285, 1.44
600290, 3.75
600302, 2.84
600326, 3.36
600350, 0.5
600361, 1.35
600409, 1.54
600410, 5.6
600448, 4.21
600496, 2.22
600505, 1.17
600510, 3.71
600512, 4.06
600546, 1.32
600550, 0.45
600558, 1.22
600644, 2.76
600664, 0.52
600665, 2.05
600719, 1.51
600722, 5.68
600727, 2.7
600728, 3.97
600731, 2.68
600747, 2.26
600778, 2.23
600791, 1.83
600792, 1.46
600810, 1.41
600857, 1.37
600982, 1.45
601038, 1.21
601099, 3.03
601169, 0.24
601177, 1.26
601188, 0.54
601199, 1.26
601218, 1.88
601518, 2.88
601999, 1.2
603333, 2.57
000035, 8.21
000157, 1.37
000159, 3.33
000409, 0.16
000528, 1.26
000554, 4.05
000570, 7.7
000589, 2.04
000597, 1.68
000598, 1.52
000636, 3.04
000691, 1.54
000692, 1.69
000702, 2.22
000707, 3.88
000731, 5.29
000737, 2.25
000782, 2.97
000789, 1.28
000801, 0.85
000822, 1.41
000856, 1.59
000875, 4.4
000898, 0.52
000900, 0.88
000949, 1.89
000968, 1.43
000976, 2.57
002042, 0.66
002097, 7.55
002132, 5.22
002220, 2.18
002225, 1.75
002243, 2.13
002272, 4.83
002307, 3.25
002317, 2.12
002336, 1.1
002386, 3.09
002392, 2.02
002453, 3.48
002521, 3.44
002524, 3.3
002534, 0.75
002550, 1.84
002560, 5.74
002565, 1.5
002613, 3.62
002683, 1.14
002692, 1.15
002697, 1.38
200011, 0.58
200026, 0.25
200030, 1.62
200058, 0.74
200468, 0.33
200488, 0.86
200512, 0.08
200521, 0.17
200570, 0.8
200613, 0.06
200625, 0.22
200706, 0.23
200726, 0.13
300022, 4.44
300029, 2.62
300139, 7.31
300151, 1.39
300169, 2.06
300181, 3.78
300192, 2.62
300214, 2.42
300283, 3.05
