600029, 2.2
600031, 0.82
600180, 0.36
600226, 1.38
600266, 0.78
600320, 2.36
600359, 9.01
600365, 2.08
600377, 0.22
600386, 1.65
600429, 0.77
600488, 1.04
600510, 0.77
600575, 1.81
600719, 5.1
600744, 4.91
600800, 5.17
600828, 4.35
600875, 1.23
600900, 0.28
600967, 1.78
600971, 4.44
600973, 1.58
600987, 0.86
601006, 0.45
601018, 1.79
601111, 0.52
601139, 0.2
601177, 1.87
601199, 1.88
601225, 0.37
601369, 0.79
601388, 1.35
601398, 0.05
601608, 2.15
601717, 0.79
601872, 2.77
601880, 8.51
601886, 1.17
601933, 0.59
603167, 4.62
000035, 1.6
000043, 1.7
000088, 4.02
000089, 0.84
000425, 1.68
000430, 3.31
000506, 1.3
000533, 1.24
000537, 2.12
000551, 2.01
000553, 1.7
000622, 0.97
000632, 3.89
000735, 1.61
000949, 0.4
000950, 0.76
000959, 0.31
000978, 4.6
002020, 0.86
002029, 0.53
002081, 0.44
002096, 1.53
002105, 3.21
002106, 3.12
002139, 3.3
002156, 1.06
002158, 2.28
002177, 1.35
002181, 0.3
002232, 2.06
002303, 1.05
002308, 0.62
002317, 1.57
002330, 1.57
002332, 1.35
002375, 0.85
002376, 1.24
002381, 8.75
002390, 4.35
002433, 1.59
002447, 5.6
002449, 1.44
002472, 1.01
002482, 0.92
002489, 4.17
002496, 5.33
002523, 0.94
002531, 0.34
002536, 2.67
002549, 1.36
002583, 1.03
002586, 1.74
002644, 0.66
002708, 7.24
159901, 0
159902, 0
159922, 0
200018, 0.25
200022, 0.85
200055, 0.23
200553, 0.34
300002, 1.62
300040, 2.44
300084, 1.61
300117, 1.26
300165, 2.13
300198, 1.55
