600023, 0.94
600027, 0.22
600051, 1.54
600059, 0.95
600064, 0.78
600078, 2.92
600080, 4.25
600112, 2.32
600143, 1.04
600155, 2.78
600160, 2.13
600166, 0.83
600175, 0.63
600178, 1.16
600180, 0.59
600189, 4.63
600208, 0.34
600218, 1.84
600222, 0.8
600236, 1.52
600240, 0.65
600251, 3.03
600255, 1.9
600267, 0.41
600281, 0.73
600287, 2.51
600289, 1.97
600290, 2.03
600295, 0.44
600299, 0.68
600302, 1.35
600323, 0.59
600331, 1.25
600333, 1.73
600353, 1.45
600354, 1.49
600356, 0.68
600359, 1.66
600368, 0.61
600377, 0.11
600393, 0.51
600396, 0.92
600405, 3.46
600426, 1.02
600432, 1.21
600449, 0.96
600461, 0.66
600470, 4.05
600480, 2.21
600483, 1.9
600487, 0.9
600503, 5.01
600505, 0.56
600508, 0.7
600510, 0.81
600516, 2.48
600517, 0.63
600561, 2.17
600589, 1.63
600595, 6.2
600602, 3.92
600609, 1.03
600616, 1.59
600617, 0.85
600622, 1.71
600624, 2.04
600634, 3.98
600638, 1.52
600641, 0.42
600644, 1.5
600683, 0.3
600684, 0.88
600705, 1.0
600720, 1.55
600723, 0.25
600727, 0.86
600735, 2.45
600755, 0.97
600758, 10.64
600761, 0.83
600776, 2.11
600784, 2.69
600791, 0.7
600794, 1.2
600807, 4.24
600814, 1.02
600830, 2.02
600831, 1.33
600844, 0.78
600883, 0.74
600888, 1.4
600917, 2.37
600961, 0.89
600985, 2.32
600995, 1.4
601002, 4.35
601003, 0.28
601177, 0.82
601188, 0.33
601218, 1.68
601225, 3.03
601226, 0.95
601288, 0.02
601328, 0.13
601339, 0.31
601398, 0.02
601518, 0.66
601588, 0.65
601633, 0.11
601678, 1.03
601798, 0.66
601880, 0.43
601899, 0.62
601908, 2.65
601939, 1.11
601968, 1.53
601999, 0.55
603011, 2.67
603123, 0.81
603167, 2.48
603169, 1.73
603366, 0.53
603606, 6.23
000021, 3.09
000026, 1.52
000030, 0.39
000043, 0.77
000153, 1.49
000413, 2.32
000417, 0.8
000419, 0.67
000422, 0.65
000430, 1.72
000507, 0.77
000510, 1.44
000519, 2.11
000521, 1.46
000530, 3.91
000543, 2.1
000544, 0.62
000545, 4.3
000548, 1.07
000572, 1.26
000585, 2.86
000616, 1.1
000655, 2.49
000671, 0.3
000682, 2.69
000686, 4.55
000708, 1.06
000713, 1.58
000721, 1.25
000722, 0.61
000726, 0.93
000727, 3.31
000731, 1.41
000739, 0.62
000751, 1.76
000780, 2.69
000788, 0.7
000807, 2.47
000811, 1.62
000812, 1.24
000822, 0.44
000862, 1.19
000878, 1.46
000889, 0.84
000903, 1.71
000908, 2.02
000926, 1.81
000928, 1.38
000935, 2.14
000939, 0.81
000965, 1.29
000966, 2.64
002005, 1.14
002011, 1.15
002017, 4.52
002021, 0.85
002028, 1.52
002031, 4.95
002033, 1.65
002042, 0.45
002073, 4.83
002084, 1.96
002098, 1.38
002099, 3.32
002115, 3.66
002118, 0.77
002137, 5.31
002146, 0.33
002160, 1.55
002165, 6.13
002166, 1.69
002194, 1.82
002204, 0.88
002214, 2.72
002218, 1.64
002226, 2.74
002243, 1.52
002250, 1.91
002251, 0.82
002258, 2.09
002267, 0.33
002277, 1.21
002300, 0.46
002302, 0.86
002307, 1.29
002320, 1.63
002327, 6.32
002328, 1.85
002334, 2.25
002337, 1.3
002363, 1.78
002376, 2.06
002391, 1.54
002404, 1.75
002406, 1.16
002417, 1.73
002433, 1.1
002457, 2.34
002476, 3.57
002478, 1.33
002479, 0.49
002483, 1.35
002490, 8.33
002501, 1.91
002524, 15.45
002527, 1.17
002534, 0.43
002545, 6.24
002575, 0.55
002578, 2.14
002598, 1.92
002607, 1.41
002651, 5.78
002666, 0.53
002678, 0.17
002700, 0.65
159902, 0
159911, 0
159922, 0
200020, 0.2
200030, 0.25
200045, 0.8
200055, 0.6
200413, 0.33
200530, 0.11
200706, 0.08
200771, 0.41
300022, 3.01
300039, 1.18
300086, 1.77
300094, 1.83
300105, 3.11
300107, 1.77
300123, 1.53
300129, 1.65
300155, 8.98
300175, 1.64
300179, 2.77
300181, 1.78
300205, 4.22
300214, 2.29
300283, 2.78
