600010, 0.47
600012, 0.79
600019, 0.57
600029, 1.45
600031, 0.64
600035, 0.35
600050, 1.75
600051, 1.63
600052, 1.2
600057, 1.13
600070, 0.79
600076, 1.3
600077, 0.53
600080, 1.29
600084, 7.71
600090, 1.19
600093, 1.91
600100, 1.13
600101, 2.24
600103, 1.0
600105, 1.1
600112, 2.41
600115, 1.67
600116, 2.19
600122, 1.32
600123, 1.84
600125, 2.17
600130, 3.23
600131, 1.93
600133, 2.02
600153, 0.56
600159, 0.95
600162, 0.72
600168, 0.8
600180, 0.56
600185, 0.38
600186, 0.57
600187, 8.54
600189, 1.95
600193, 1.42
600203, 1.16
600206, 1.0
600208, 0.28
600210, 1.35
600216, 1.29
600218, 2.27
600221, 0.83
600222, 1.34
600223, 0.74
600226, 1.62
600229, 0.8
600235, 0.94
600237, 1.19
600240, 1.68
600248, 1.71
600261, 0.92
600266, 1.14
600268, 1.64
600269, 0.71
600277, 1.84
600280, 0.75
600285, 1.15
600287, 2.92
600289, 1.06
600290, 1.85
600292, 0.64
600295, 2.83
600302, 1.13
600321, 2.93
600330, 1.24
600336, 1.16
600337, 1.67
600350, 0.18
600355, 1.5
600356, 2.03
600365, 1.65
600376, 0.59
600377, 0.09
600380, 2.32
600386, 0.92
600388, 1.51
600390, 3.15
600395, 0.88
600396, 0.51
600403, 0.29
600410, 0.8
600422, 1.03
600432, 1.15
600433, 0.76
600448, 1.5
600458, 0.62
600460, 0.66
600461, 0.98
600468, 0.46
600470, 3.67
600496, 1.33
600499, 0.56
600512, 1.2
600515, 1.98
600516, 0.83
600517, 0.68
600530, 0.76
600531, 1.36
600546, 1.0
600548, 0.27
600555, 0.59
600561, 2.8
600567, 1.03
600575, 0.39
600578, 0.25
600581, 3.53
600582, 0.73
600583, 0.72
600586, 1.54
600597, 0.51
600601, 0.68
600611, 0.9
600613, 0.55
600616, 1.32
600619, 2.06
600624, 0.92
600635, 2.28
600642, 0.23
600643, 2.08
600658, 0.31
600683, 0.46
600684, 0.82
600690, 0.81
600703, 0.69
600704, 2.85
600708, 2.23
600712, 1.65
600719, 1.28
600722, 6.35
600727, 1.55
600730, 1.37
600731, 4.04
600737, 1.64
600743, 0.36
600744, 0.64
600748, 0.92
600757, 0.89
600761, 1.52
600770, 0.91
600776, 0.39
600787, 2.4
600790, 0.96
600791, 0.96
600794, 1.01
600796, 2.14
600800, 10.55
600803, 0.79
600805, 1.13
600808, 0.94
600810, 3.66
600812, 0.48
600825, 0.64
600831, 0.89
600846, 1.21
600853, 2.02
600862, 1.05
600864, 0.61
600866, 3.38
600869, 0.26
600874, 0.94
600880, 1.56
600882, 1.0
600894, 0.71
600917, 2.55
600959, 0.94
600960, 0.83
600975, 1.43
600978, 1.28
600981, 2.32
601010, 0.35
601012, 0.68
601016, 1.33
601058, 0.68
601111, 0.77
601126, 1.39
601139, 0.23
601158, 0.43
601186, 0.9
601199, 1.38
601218, 1.0
601222, 0.64
601231, 0.18
601328, 0.23
601339, 0.31
601398, 0.03
601518, 0.98
601567, 0.42
601579, 1.46
601588, 0.77
601599, 1.63
601616, 1.12
601678, 0.77
601718, 0.86
601777, 1.04
601789, 0.96
601808, 0.2
601818, 0.38
601872, 0.64
601886, 0.53
601918, 2.36
601928, 0.27
601929, 0.39
601933, 0.83
601958, 0.41
601988, 0.11
603015, 1.52
603023, 1.34
603077, 0.39
603123, 1.2
603128, 1.67
603167, 1.31
603366, 0.92
603618, 1.78
603901, 2.7
900905, 0.13
000009, 0.93
000021, 0.47
000030, 0.61
000031, 0.47
000035, 1.41
000036, 0.75
000046, 0.12
000058, 1.2
000068, 0.33
000069, 0.34
000078, 0.87
000089, 0.38
000090, 0.88
000099, 0.97
000157, 0.54
000402, 0.41
000404, 3.04
000409, 1.63
000417, 0.79
000420, 3.94
000426, 3.06
000429, 1.04
000430, 3.03
000506, 3.61
000510, 2.54
000529, 0.67
000531, 1.04
000537, 2.13
000539, 0.4
000540, 0.42
000551, 2.12
000559, 0.39
000564, 3.48
000565, 1.31
000570, 1.11
000571, 0.59
000573, 2.16
000598, 0.77
000620, 0.28
000632, 2.39
000650, 2.96
000652, 4.47
000665, 0.85
000680, 3.85
000692, 1.7
000705, 1.28
000717, 0.75
000718, 0.5
000719, 1.09
000721, 4.41
000725, 1.05
000726, 1.48
000729, 0.3
000756, 1.12
000760, 0.84
000788, 0.39
000793, 6.23
000816, 1.04
000833, 1.29
000836, 2.89
000838, 1.29
000848, 0.71
000850, 1.29
000851, 1.94
000856, 1.78
000861, 0.56
000868, 1.22
000888, 0.67
000890, 1.06
000897, 3.54
000899, 0.64
000900, 0.79
000908, 0.87
000918, 0.63
000919, 0.53
000926, 1.67
000932, 0.52
000936, 0.96
000939, 0.84
000959, 0.17
000961, 0.97
000969, 0.99
000973, 0.9
000978, 0.99
002003, 0.72
002004, 1.5
002009, 2.34
002011, 0.6
002017, 2.03
002020, 1.6
002023, 1.54
002026, 1.84
002029, 1.05
002033, 1.02
002047, 0.43
002050, 0.44
002054, 1.07
002056, 1.0
002060, 1.05
002062, 1.34
002063, 1.23
002067, 2.32
002069, 1.62
002071, 3.17
002073, 0.82
002079, 0.96
002081, 0.56
002083, 0.67
002084, 0.9
002087, 1.62
002091, 0.69
002093, 0.45
002097, 1.03
002099, 0.73
002100, 1.29
002102, 1.27
002104, 1.14
002106, 2.13
002109, 2.34
002116, 0.79
002118, 0.78
002124, 2.28
002127, 0.44
002131, 1.62
002135, 0.84
002137, 1.13
002139, 1.86
002145, 16.83
002154, 0.98
002157, 0.92
002158, 0.46
002160, 3.71
002161, 0.71
002165, 1.39
002170, 0.81
002172, 1.54
002176, 1.01
002181, 0.47
002183, 1.48
002185, 0.92
002194, 1.25
002204, 0.76
002215, 1.33
002218, 0.95
002219, 1.0
002225, 0.77
002232, 1.56
002233, 4.09
002237, 1.44
002238, 0.84
002243, 0.98
002245, 1.15
002248, 4.22
002255, 3.1
002256, 0.69
002261, 1.35
002267, 0.35
002269, 0.6
002270, 1.58
002274, 1.55
002276, 0.68
002285, 1.56
002288, 1.57
002293, 0.2
002298, 1.0
002303, 0.72
002308, 0.5
002312, 4.32
002317, 0.8
002327, 2.18
002328, 5.99
002329, 7.83
002336, 1.14
002337, 0.81
002344, 0.45
002360, 1.2
002369, 1.34
002375, 0.57
002376, 1.41
002392, 1.61
002403, 1.67
002416, 0.46
002421, 0.93
002429, 0.4
002431, 1.74
002433, 1.14
002448, 1.28
002452, 2.16
002454, 1.18
002457, 2.99
002463, 0.7
002470, 0.65
002471, 1.28
002474, 1.69
002477, 0.64
002478, 1.69
002479, 1.1
002483, 8.16
002494, 1.94
002497, 0.58
002501, 1.32
002504, 3.21
002505, 0.91
002506, 0.71
002510, 1.34
002516, 2.78
002520, 2.69
002527, 1.38
002531, 0.54
002532, 1.41
002533, 1.0
002535, 1.73
002536, 1.22
002538, 1.29
002540, 0.78
002545, 3.3
002548, 0.92
002550, 0.51
002559, 1.26
002566, 2.15
002574, 0.75
002586, 0.78
002593, 1.29
002598, 1.32
002607, 2.13
002608, 3.2
002610, 1.51
002613, 0.98
002632, 0.69
002637, 1.26
002641, 0.27
002644, 0.77
002666, 1.62
002682, 0.87
002688, 0.47
002689, 0.63
002707, 1.35
002770, 1.67
159901, 0
159902, 0
159922, 0
159927, 0
200011, 0.2
200018, 0.28
200020, 0.12
200025, 0.16
200030, 0.4
200037, 0.48
200429, 0.21
200468, 0.1
200521, 0.06
200541, 0.23
200706, 0.1
300002, 0.75
300018, 7.0
300026, 1.0
300027, 2.66
300029, 2.17
300039, 1.01
300041, 2.31
300043, 0.95
300045, 1.0
300048, 1.74
300058, 1.26
300066, 1.28
300074, 3.21
300079, 0.88
300087, 0.78
300092, 1.77
300102, 2.93
300107, 1.31
300108, 1.59
300112, 1.65
300139, 1.61
300146, 0.78
300151, 3.85
300152, 3.43
300154, 1.13
300155, 0.72
300157, 1.45
300165, 1.59
300170, 1.49
300171, 0.83
300172, 3.86
300181, 1.04
300193, 3.48
300206, 2.18
300211, 2.11
300214, 2.0
300219, 2.26
300241, 2.78
300255, 0.92
300256, 2.8
300259, 0.79
300261, 1.64
300263, 1.03
300270, 1.3
300274, 0.95
300277, 1.26
300287, 1.51
300290, 2.56
300292, 1.87
300303, 2.4
300307, 1.41
300316, 0.5
300318, 1.99
300326, 0.88
300328, 1.02
300329, 1.62
300370, 5.81
