600026, 0.6
600039, 0.66
600051, 2.9
600075, 1.71
600080, 1.6
600093, 0.85
600133, 4.16
600203, 1.95
600220, 1.12
600237, 10.1
600250, 1.45
600280, 0.82
600281, 10.48
600285, 1.58
600300, 0.5
600305, 0.63
600326, 1.97
600336, 2.69
600356, 1.38
600361, 0.74
600409, 0.68
600448, 3.61
600462, 2.6
600481, 5.04
600488, 2.87
600508, 0.88
600546, 0.68
600548, 0.16
600550, 0.94
600558, 1.68
600567, 0.47
600572, 1.44
600581, 1.49
600603, 0.54
600644, 2.07
600664, 0.17
600716, 1.35
600719, 1.66
600727, 1.61
600728, 3.68
600731, 2.25
600747, 1.68
600751, 0.92
600769, 0.85
600778, 2.7
600792, 0.8
600825, 1.53
600871, 0.81
600888, 1.24
600960, 1.61
601100, 0.49
601139, 0.14
601169, 0.12
601188, 0.87
601339, 0.75
601515, 0.49
601666, 1.4
601717, 0.97
601898, 0.14
601918, 0.85
601996, 1.42
603123, 1.0
603300, 2.73
900929, 0.15
000063, 0.51
000338, 0.87
000421, 1.33
000488, 1.65
000507, 0.69
000509, 1.94
000521, 1.18
000528, 0.76
000548, 1.74
000557, 3.92
000589, 1.27
000599, 1.62
000622, 1.32
000663, 2.24
000680, 2.17
000685, 0.79
000692, 1.22
000702, 0.95
000717, 0.62
000729, 0.52
000782, 2.87
000800, 1.58
000801, 0.54
000809, 3.26
000822, 0.69
000830, 1.22
000862, 0.9
000899, 0.54
000900, 1.03
000921, 2.53
000936, 1.54
000968, 2.14
001696, 1.42
002015, 2.2
002021, 2.9
002042, 0.94
002047, 2.33
002069, 0.45
002083, 1.4
002097, 1.71
002135, 1.32
002145, 15.96
002181, 0.83
002199, 3.32
002218, 1.13
002220, 2.09
002317, 1.83
002323, 5.62
002331, 3.29
002337, 0.96
002342, 1.62
002351, 4.44
002363, 1.68
002376, 2.28
002420, 1.47
002433, 1.86
002455, 2.66
002480, 1.12
002487, 0.65
002497, 1.02
002521, 2.27
002523, 1.56
002534, 0.63
002540, 0.56
002549, 0.73
002565, 2.19
002585, 1.44
002586, 2.19
002711, 3.97
200026, 0.14
200058, 0.4
200429, 0.23
200488, 0.18
200512, 0.12
200521, 0.06
200570, 0.56
200613, 0.03
200726, 0.09
300058, 1.46
300083, 1.54
300091, 0.87
300108, 1.83
300169, 2.66
300181, 3.79
300192, 2.53
300214, 3.8
300217, 4.15
300240, 1.72
300249, 0.86
300261, 0.36
