600004, 0.57
600008, 0.38
600016, 0.27
600018, 0.1
600021, 0.45
600031, 0.27
600050, 0.66
600063, 1.25
600068, 0.88
600075, 6.34
600077, 1.05
600078, 1.91
600082, 0.75
600084, 2.09
600089, 0.59
600094, 2.0
600099, 1.57
600103, 1.31
600108, 1.24
600117, 1.81
600123, 1.42
600126, 0.9
600130, 8.24
600133, 3.49
600143, 1.03
600159, 0.91
600160, 1.0
600169, 0.67
600170, 0.42
600175, 1.06
600183, 0.97
600190, 0.66
600221, 0.96
600222, 2.33
600223, 0.63
600239, 0.96
600243, 3.2
600246, 0.39
600252, 1.03
600257, 3.27
600261, 0.68
600268, 1.47
600269, 0.43
600279, 1.33
600280, 0.78
600281, 1.31
600284, 1.27
600287, 2.38
600288, 4.89
600289, 4.1
600292, 1.76
600293, 1.93
600295, 2.55
600300, 0.6
600302, 1.47
600320, 0.37
600323, 0.86
600350, 0.22
600354, 2.96
600367, 2.11
600368, 0.8
600375, 1.42
600380, 0.97
600387, 1.67
600388, 1.75
600396, 0.95
600405, 13.08
600406, 0.9
600418, 1.64
600439, 0.93
600448, 2.31
600461, 1.02
600466, 0.88
600481, 0.59
600487, 2.4
600488, 0.59
600491, 0.89
600495, 1.67
600496, 0.7
600505, 1.0
600508, 0.67
600509, 0.62
600512, 1.11
600516, 2.78
600533, 2.28
600537, 2.55
600546, 0.62
600548, 0.42
600550, 0.85
600561, 1.7
600578, 0.23
600596, 1.75
600598, 0.75
600601, 1.88
600602, 1.2
600617, 2.31
600624, 6.15
600626, 1.65
600642, 0.3
600644, 2.1
600657, 0.53
600658, 0.44
600665, 0.7
600673, 1.1
600674, 0.43
600684, 1.16
600688, 1.01
600691, 1.87
600695, 1.56
600708, 1.67
600716, 1.35
600720, 0.53
600722, 1.67
600723, 0.44
600727, 1.86
600728, 2.1
600736, 1.2
600744, 2.55
600747, 1.6
600748, 0.9
600755, 4.55
600770, 6.25
600778, 2.07
600780, 0.57
600787, 1.04
600790, 1.27
600791, 1.34
600792, 0.99
600802, 1.62
600810, 1.53
600811, 0.77
600812, 1.28
600815, 1.16
600821, 10.03
600824, 0.79
600825, 0.76
600828, 1.24
600830, 2.2
600831, 1.64
600838, 2.42
600846, 10.76
600853, 1.3
600858, 0.91
600860, 2.14
600864, 1.2
600865, 1.29
600874, 0.71
600875, 0.68
600881, 1.55
600900, 0.16
600917, 2.3
600963, 1.1
600965, 1.26
600966, 1.77
600970, 1.24
600979, 1.21
600985, 2.0
600992, 1.71
601000, 0.62
601002, 1.93
601008, 1.01
601011, 2.62
601038, 1.37
601058, 2.92
601099, 2.54
601106, 0.74
601117, 0.28
601186, 0.16
601188, 0.4
601216, 0.76
601218, 1.22
601226, 3.67
601328, 0.1
601339, 1.38
601368, 2.24
601369, 0.28
601518, 0.55
601519, 0.76
601567, 0.46
601616, 0.58
601618, 0.61
601666, 0.71
601678, 2.18
601717, 0.7
601727, 0.15
601818, 0.3
601872, 1.99
601880, 0.82
601901, 0.97
601985, 1.1
601998, 0.13
603077, 0.47
603167, 2.26
603169, 1.49
603333, 0.51
603366, 1.01
900905, 0.28
000006, 1.23
000009, 3.1
000010, 3.03
000016, 2.05
000027, 0.5
000029, 1.66
000030, 0.71
000035, 2.06
000036, 1.53
000039, 1.05
000040, 2.96
000058, 2.31
000061, 0.47
000063, 0.82
000069, 0.75
000078, 1.84
000096, 0.6
000100, 1.15
000157, 0.45
000301, 0.74
000338, 0.68
000401, 4.77
000417, 1.93
000420, 1.32
000422, 0.82
000428, 1.15
000429, 0.91
000507, 1.18
000510, 2.48
000521, 2.19
000525, 0.95
000528, 0.7
000529, 0.94
000545, 5.38
000548, 2.47
000552, 2.5
000554, 3.6
000572, 1.14
000589, 1.48
000597, 2.01
000598, 1.21
000616, 1.43
000637, 2.42
000652, 0.94
000656, 0.89
000667, 7.36
000671, 0.94
000680, 1.72
000682, 3.26
000690, 1.0
000692, 1.97
000698, 3.26
000707, 2.42
000713, 2.11
000721, 1.63
000722, 0.95
000726, 1.46
000731, 1.24
000735, 1.45
000737, 1.7
000739, 2.18
000753, 1.56
000782, 3.11
000788, 0.62
000789, 2.62
000816, 1.69
000822, 0.65
000823, 2.75
000825, 1.05
000830, 0.98
000837, 2.49
000877, 1.37
000883, 0.32
000898, 0.25
000900, 0.45
000905, 1.52
000918, 1.19
000921, 0.71
000922, 1.44
000930, 2.46
000931, 3.49
000949, 1.11
000951, 1.16
000959, 1.22
000978, 1.65
001896, 2.54
002004, 0.89
002005, 1.45
002028, 1.93
002029, 1.06
002033, 2.66
002060, 1.3
002061, 3.31
002062, 0.92
002064, 1.98
002083, 1.14
002084, 2.06
002093, 1.69
002109, 1.23
002122, 0.62
002132, 4.93
002133, 3.25
002146, 0.57
002154, 2.61
002170, 3.14
002214, 2.8
002215, 5.81
002220, 2.23
002225, 2.74
002226, 3.99
002228, 1.28
002233, 1.05
002244, 0.93
002245, 3.44
002248, 4.88
002258, 0.94
002261, 4.65
002267, 0.44
002277, 1.72
002282, 1.75
002285, 5.62
002307, 1.14
002323, 11.91
002340, 3.35
002342, 1.13
002344, 0.62
002360, 7.96
002363, 3.18
002375, 1.35
002376, 1.37
002377, 2.49
002385, 1.62
002386, 1.37
002391, 1.33
002392, 2.44
002420, 1.96
002429, 1.18
002430, 1.39
002431, 11.55
002455, 3.27
002470, 0.83
002471, 1.51
002478, 1.16
002493, 0.11
002495, 15.25
002534, 1.04
002538, 1.22
002561, 3.41
002563, 0.22
002565, 0.74
002593, 5.18
002671, 2.23
002701, 1.43
159901, 0
159902, 0
159909, 0
159911, 0
159919, 0
159922, 0
159927, 0
200012, 0.15
200029, 0.24
200030, 0.43
200413, 0.91
200429, 0.35
200488, 0.49
200521, 0.09
200992, 0.15
300043, 3.39
300079, 6.7
300090, 2.16
300108, 1.16
300129, 1.49
300132, 5.54
300150, 1.81
300164, 3.75
300181, 2.78
300206, 4.61
300214, 3.04
300255, 0.98
300337, 1.3
