600005, 0.89
600026, 0.88
600039, 0.78
600051, 1.59
600075, 1.92
600080, 1.79
600093, 1.54
600121, 2.44
600133, 3.03
600216, 1.47
600217, 0.88
600237, 5.3
600250, 2.6
600280, 1.06
600285, 1.3
600300, 0.61
600305, 1.02
600326, 2.52
600361, 0.75
600409, 0.64
600448, 4.56
600462, 3.38
600481, 1.81
600508, 1.42
600546, 0.69
600550, 1.53
600558, 2.88
600567, 0.5
600572, 2.95
600581, 1.59
600603, 0.53
600644, 2.27
600657, 2.7
600664, 0.15
600716, 3.1
600719, 1.87
600727, 1.78
600728, 7.71
600731, 3.05
600747, 3.29
600751, 1.13
600769, 0.94
600778, 1.15
600792, 1.15
600830, 8.62
600844, 1.19
600871, 1.19
600888, 2.0
600966, 1.56
600967, 1.06
601100, 0.58
601139, 0.16
601188, 0.57
601339, 1.23
601515, 0.56
601666, 1.09
601898, 0.17
601918, 0.84
601992, 0.2
601996, 1.37
603123, 1.3
603300, 3.37
900929, 0.1
000063, 0.46
000338, 0.55
000421, 1.37
000507, 0.96
000509, 2.31
000521, 1.63
000528, 0.71
000548, 2.02
000557, 6.84
000589, 1.51
000597, 3.22
000622, 0.83
000663, 2.62
000680, 1.63
000691, 2.33
000692, 1.3
000702, 0.98
000705, 5.43
000717, 0.59
000729, 1.52
000782, 3.56
000800, 0.98
000801, 0.69
000809, 5.54
000822, 1.06
000830, 0.96
000837, 22.48
000862, 1.61
000899, 0.46
000900, 1.55
000921, 1.1
000936, 2.08
000939, 0.98
000968, 2.84
000993, 5.5
001696, 2.34
002015, 2.13
002021, 1.45
002042, 1.7
002045, 5.97
002069, 0.44
002079, 3.08
002097, 2.35
002135, 1.91
002145, 10.59
002181, 0.95
002199, 2.08
002218, 1.3
002220, 2.33
002274, 1.2
002303, 0.8
002317, 2.31
002323, 2.89
002331, 4.73
002337, 1.23
002342, 3.65
002351, 4.92
002363, 1.39
002376, 1.07
002420, 1.04
002433, 1.37
002455, 4.4
002480, 1.94
002487, 0.81
002497, 1.05
002521, 4.52
002523, 2.62
002534, 0.81
002540, 0.82
002549, 0.93
002565, 1.52
002585, 1.03
002711, 4.04
200026, 0.4
200030, 0.31
200058, 0.39
200429, 0.59
200488, 0.33
200512, 0.1
200521, 0.14
200570, 0.36
200613, 0.07
200726, 0.03
300058, 0.91
300083, 2.31
300087, 0.8
300094, 4.6
300108, 1.43
300155, 1.79
300169, 2.67
300181, 2.81
300192, 3.24
300214, 3.83
300217, 7.05
300240, 1.9
300261, 0.36
300305, 1.39
300370, 2.44
