600015, 0.48
600019, 0.32
600031, 1.28
600033, 0.76
600052, 5.16
600063, 2.41
600067, 2.07
600080, 4.24
600086, 4.39
600095, 1.31
600096, 3.31
600108, 2.29
600111, 1.78
600123, 2.65
600143, 1.18
600157, 0.63
600162, 1.78
600187, 6.31
600190, 0.77
600193, 3.53
600207, 1.31
600208, 0.26
600210, 2.26
600215, 1.93
600219, 6.24
600220, 4.17
600223, 1.37
600235, 2.33
600251, 2.27
600256, 0.66
600269, 0.89
600277, 2.1
600280, 0.38
600287, 2.03
600305, 0.65
600308, 1.55
600311, 4.93
600348, 2.23
600354, 4.83
600356, 1.53
600358, 2.92
600360, 7.12
600361, 1.05
600380, 1.65
600387, 1.37
600395, 3.34
600397, 1.56
600398, 0.43
600403, 0.27
600405, 1.92
600425, 1.86
600426, 0.61
600429, 0.66
600438, 0.56
600439, 3.24
600449, 2.05
600469, 3.52
600478, 0.67
600481, 1.07
600490, 4.39
600508, 1.44
600509, 2.18
600533, 2.05
600540, 2.19
600548, 0.5
600555, 1.28
600565, 2.26
600567, 1.82
600569, 1.12
600575, 1.42
600595, 4.56
600596, 4.75
600598, 1.22
600616, 1.72
600624, 3.05
600641, 0.66
600642, 0.26
600655, 1.63
600664, 0.22
600676, 1.53
600683, 0.75
600691, 4.76
600707, 6.34
600711, 5.33
600712, 1.67
600720, 2.52
600723, 0.52
600727, 2.29
600738, 2.1
600744, 0.94
600757, 1.52
600761, 1.54
600778, 2.36
600780, 1.38
600789, 6.47
600790, 1.87
600791, 2.31
600792, 1.88
600798, 6.81
600801, 2.0
600805, 1.16
600810, 1.55
600812, 1.02
600815, 1.3
600819, 0.61
600824, 1.66
600827, 0.56
600828, 1.17
600841, 1.03
600846, 2.59
600854, 2.49
600858, 1.05
600860, 2.04
600864, 1.09
600865, 2.01
600880, 6.29
600881, 2.11
600882, 0.94
600888, 4.94
600889, 4.01
600891, 8.07
600896, 1.38
600960, 3.52
600966, 1.95
600981, 4.09
600982, 3.62
601003, 0.83
601006, 0.49
601008, 2.17
601028, 0.98
601058, 5.3
601107, 1.67
601113, 0.66
601117, 1.14
601118, 2.76
601137, 1.46
601139, 0.14
601168, 3.58
601169, 0.18
601179, 1.13
601208, 1.88
601218, 3.07
601231, 0.27
601368, 2.5
601377, 1.31
601515, 0.29
601599, 2.03
601600, 2.55
601636, 1.43
601666, 1.3
601669, 1.29
601699, 1.78
601717, 1.25
601777, 1.17
601818, 0.19
601886, 2.02
601899, 2.78
601901, 1.62
601918, 0.98
601928, 0.45
601958, 1.04
601969, 1.73
601992, 0.76
601998, 0.13
603002, 2.65
603015, 4.79
603123, 1.38
603167, 2.74
603993, 0.91
000012, 2.16
000061, 0.62
000153, 2.55
000166, 0.8
000301, 2.96
000417, 1.46
000428, 0.94
000429, 0.91
000430, 2.3
000506, 3.39
000507, 2.67
000514, 1.49
000537, 9.02
000539, 0.45
000552, 2.89
000557, 1.93
000572, 1.02
000589, 5.85
000601, 1.77
000619, 2.89
000630, 9.17
000650, 2.03
000692, 2.31
000698, 7.14
000713, 2.06
000737, 2.75
000750, 2.44
000751, 6.81
000755, 9.5
000756, 3.3
000758, 5.21
000759, 0.6
000782, 17.35
000791, 1.25
000798, 6.26
000800, 1.16
000816, 3.44
000825, 0.91
000830, 2.2
000850, 4.1
000868, 1.76
000877, 3.18
000893, 4.58
000903, 3.69
000906, 1.27
000927, 3.62
000931, 2.58
000955, 3.8
000978, 1.76
000981, 0.22
002002, 1.21
002018, 0.67
002028, 3.54
002029, 1.95
002063, 3.81
002069, 0.87
002073, 1.81
002086, 2.96
002109, 2.33
002154, 4.85
002195, 1.81
002214, 1.39
002215, 1.46
002216, 0.53
002231, 2.23
002233, 4.39
002255, 2.59
002269, 1.09
002277, 1.03
002293, 0.88
002302, 0.86
002328, 4.29
002334, 2.72
002337, 4.26
002342, 5.61
002345, 1.52
002363, 3.34
002369, 5.12
002388, 3.0
002397, 1.99
002398, 1.77
002404, 9.54
002419, 1.15
002420, 1.3
002451, 3.97
002453, 5.14
002457, 3.44
002461, 1.02
002469, 3.23
002481, 1.46
002484, 0.58
002500, 1.94
002501, 4.98
002503, 0.65
002531, 1.76
002540, 1.74
002556, 3.61
002561, 1.17
002566, 6.17
002579, 3.02
002598, 2.3
002600, 5.02
002604, 4.69
002607, 2.19
002630, 4.66
002641, 0.74
002666, 2.39
002682, 2.96
002683, 3.53
159919, 0
200017, 0.18
200019, 1.04
200026, 0.77
200613, 0.06
300019, 2.76
300039, 2.19
300043, 2.07
300094, 2.85
300102, 4.83
300135, 4.45
300154, 1.87
300193, 3.34
300211, 2.52
300214, 3.55
300217, 2.21
300239, 1.7
300251, 0.54
300256, 4.0
300305, 2.42
300390, 7.79
