600004, 0.27
600008, 0.35
600016, 0.24
600018, 0.05
600026, 0.6
600028, 0.03
600031, 0.26
600033, 0.25
600039, 0.41
600050, 0.24
600057, 2.37
600059, 0.88
600063, 0.71
600077, 0.74
600078, 1.07
600082, 0.95
600089, 0.51
600094, 1.3
600095, 2.14
600103, 3.21
600108, 2.16
600121, 0.65
600126, 0.75
600127, 2.07
600133, 1.47
600143, 0.74
600157, 0.7
600159, 0.69
600160, 1.29
600163, 1.85
600169, 0.46
600170, 0.18
600175, 1.27
600177, 0.35
600183, 0.64
600186, 1.46
600187, 0.39
600202, 1.44
600207, 0.81
600208, 0.43
600215, 2.32
600216, 2.27
600218, 2.93
600220, 1.56
600221, 0.36
600222, 1.56
600223, 0.6
600227, 0.91
600238, 0.73
600243, 3.64
600248, 0.73
600249, 3.58
600252, 0.54
600256, 0.43
600257, 4.52
600261, 0.98
600266, 1.0
600267, 0.89
600268, 2.08
600269, 0.36
600275, 6.98
600281, 0.77
600284, 0.66
600288, 7.5
600289, 2.14
600292, 1.37
600295, 0.54
600302, 1.02
600322, 1.02
600323, 0.76
600335, 0.74
600336, 1.67
600337, 0.53
600346, 0.62
600353, 1.42
600354, 1.36
600355, 5.09
600368, 0.63
600376, 0.29
600380, 1.04
600387, 3.54
600388, 0.77
600389, 1.91
600396, 0.86
600405, 7.15
600415, 0.96
600428, 0.68
600438, 0.48
600439, 1.53
600448, 1.76
600461, 1.59
600462, 3.43
600463, 0.94
600488, 0.61
600495, 1.14
600508, 0.69
600512, 1.6
600533, 0.82
600537, 3.38
600546, 0.63
600550, 0.27
600565, 1.92
600578, 0.22
600582, 0.39
600583, 0.43
600586, 1.81
600596, 0.96
600598, 1.51
600601, 1.14
600617, 0.96
600626, 1.04
600628, 0.7
600635, 0.72
600657, 0.33
600658, 3.59
600664, 0.33
600665, 0.58
600674, 0.34
600678, 3.71
600683, 0.29
600688, 0.68
600691, 1.36
600695, 1.0
600698, 1.73
600708, 0.91
600713, 3.33
600720, 0.61
600722, 2.88
600723, 0.62
600724, 0.7
600726, 0.99
600727, 1.09
600736, 1.01
600744, 4.38
600747, 1.51
600757, 1.63
600759, 2.09
600776, 0.97
600780, 1.39
600790, 1.05
600791, 1.32
600792, 1.35
600798, 0.88
600810, 1.68
600811, 0.75
600812, 1.37
600814, 2.29
600819, 0.53
600820, 0.51
600825, 0.69
600827, 0.38
600830, 2.33
600838, 3.53
600853, 1.09
600858, 0.93
600863, 0.41
600864, 0.88
600865, 2.98
600868, 3.77
600871, 2.02
600874, 0.39
600875, 0.35
600880, 4.61
600881, 1.06
600894, 1.36
600898, 2.06
600900, 0.07
600917, 1.95
600963, 1.23
600965, 0.88
600978, 2.91
600979, 0.48
600981, 2.49
600985, 1.6
600992, 1.24
600997, 0.48
601002, 1.8
601010, 0.42
601011, 5.04
601038, 0.68
601058, 1.27
601099, 0.95
601158, 0.36
601177, 0.76
601179, 0.24
601188, 0.32
601216, 0.23
601218, 0.79
601226, 1.86
601233, 0.73
601333, 0.22
601339, 0.23
601369, 0.19
601377, 0.62
601600, 0.47
601608, 0.36
601618, 0.2
601668, 0.15
601700, 0.48
601717, 0.46
601766, 0.11
601800, 0.06
601808, 0.1
601857, 0.01
601880, 0.63
601886, 0.83
601919, 0.29
601928, 0.37
601929, 0.62
601933, 0.98
601939, 0.68
601991, 0.09
601996, 0.79
601998, 0.08
603123, 5.18
603167, 1.33
603366, 1.04
000005, 2.19
000006, 1.16
000009, 5.69
000010, 7.03
000011, 4.22
000012, 1.14
000016, 1.51
000027, 0.2
000029, 1.15
000035, 1.16
000036, 0.64
000058, 9.04
000061, 0.45
000069, 0.15
000089, 0.48
000096, 0.61
000100, 1.01
000153, 0.97
000157, 0.39
000158, 2.38
000301, 0.99
000338, 1.1
000402, 0.4
000417, 0.56
000420, 1.37
000422, 0.61
000425, 0.56
000428, 1.15
000509, 4.79
000510, 4.46
000514, 1.04
000521, 3.57
000525, 1.08
000533, 0.84
000540, 0.47
000552, 1.16
000554, 2.26
000563, 0.78
000584, 2.22
000597, 1.83
000598, 0.57
000599, 2.08
000600, 0.45
000607, 4.41
000608, 5.25
000616, 0.87
000631, 1.37
000637, 2.33
000652, 0.91
000663, 1.37
000671, 0.27
000673, 2.33
000678, 5.05
000680, 1.13
000682, 1.76
000690, 0.74
000692, 0.87
000698, 1.97
000721, 1.61
000726, 0.6
000731, 1.25
000735, 0.85
000753, 0.8
000759, 0.4
000778, 0.6
000793, 1.67
000809, 0.73
000812, 2.99
000822, 0.54
000825, 0.41
000828, 0.4
000830, 1.02
000838, 3.32
000850, 0.65
000861, 0.47
000875, 7.18
000877, 0.74
000880, 4.75
000882, 1.11
000883, 0.19
000897, 1.1
000898, 0.16
000900, 0.46
000908, 3.51
000921, 1.11
000926, 4.28
000931, 1.01
000949, 2.03
000976, 1.16
000993, 1.56
002004, 1.19
002005, 1.37
002011, 1.76
002016, 8.86
002018, 1.74
002028, 3.74
002029, 0.87
002061, 1.74
002062, 2.14
002067, 3.47
002081, 0.43
002083, 1.3
002093, 1.23
002097, 2.08
002100, 1.68
002109, 1.14
002122, 0.57
002132, 2.32
002146, 0.28
002154, 1.27
002162, 2.96
002163, 1.34
002170, 1.47
002181, 1.58
002187, 0.63
002195, 2.69
002215, 4.81
002220, 2.91
002225, 1.84
002226, 1.97
002233, 0.68
002243, 1.17
002244, 0.54
002248, 15.85
002267, 0.29
002269, 0.79
002277, 0.86
002282, 1.04
002293, 0.65
002307, 1.57
002330, 1.43
002337, 2.48
002344, 0.53
002363, 3.03
002375, 0.66
002385, 0.63
002392, 1.58
002404, 2.23
002408, 5.73
002419, 0.66
002429, 0.89
002430, 3.31
002433, 1.43
002437, 0.37
002453, 2.65
002461, 0.56
002463, 1.53
002470, 0.44
002471, 1.9
002479, 0.63
002480, 1.19
002489, 1.05
002490, 2.49
002498, 0.65
002503, 0.72
002513, 0.35
002516, 2.24
002542, 0.91
002549, 0.57
002550, 1.58
002575, 1.28
002584, 2.19
002593, 2.11
002634, 15.77
002641, 0.31
002650, 2.98
002671, 2.78
002683, 1.17
002692, 4.92
002701, 0.99
002770, 1.58
159901, 0
159902, 0
159909, 0
159911, 0
159919, 0
159922, 0
159927, 0
200011, 0.16
200012, 0.23
200022, 0.21
200026, 0.48
200029, 0.18
200058, 0.6
200429, 0.41
200488, 1.24
200512, 0.29
200521, 0.93
200541, 0.48
200570, 0.26
200771, 0.3
300029, 8.55
300043, 2.3
300050, 1.71
300071, 5.49
300079, 2.88
300090, 1.18
300095, 3.57
300107, 1.73
300108, 2.58
300129, 1.57
300132, 4.82
300146, 1.41
300150, 1.88
300152, 2.55
300164, 1.4
300172, 1.2
300181, 1.75
300185, 1.15
300187, 0.67
300197, 1.13
300206, 4.84
300214, 1.95
300240, 4.74
300251, 0.92
300301, 4.25
