600039, 0.95
600051, 1.12
600067, 1.03
600103, 0.92
600121, 1.52
600127, 1.26
600159, 7.29
600215, 2.0
600223, 1.61
600238, 0.5
600239, 0.72
600250, 0.82
600257, 7.3
600268, 1.07
600302, 1.16
600326, 1.57
600361, 1.21
600409, 1.03
600426, 0.8
600448, 3.29
600505, 1.07
600546, 0.65
600561, 0.9
600644, 1.44
600664, 0.27
600665, 1.97
600681, 1.97
600719, 1.19
600727, 1.15
600731, 1.64
600743, 4.79
600747, 2.78
600778, 1.75
600791, 1.99
600792, 1.74
600810, 1.76
600844, 0.88
600872, 0.59
600992, 3.12
601038, 1.05
601169, 0.12
601177, 0.99
601188, 0.49
601515, 0.36
601999, 1.58
603077, 0.91
603333, 0.9
000157, 0.51
000159, 2.43
000554, 1.99
000557, 1.78
000584, 0.73
000597, 1.65
000636, 3.18
000691, 0.98
000702, 0.87
000707, 5.18
000729, 0.24
000731, 2.92
000737, 4.2
000782, 4.86
000801, 1.01
000809, 1.44
000822, 0.54
000900, 1.04
000949, 6.5
000961, 2.89
000968, 0.69
002042, 0.83
002097, 2.18
002132, 3.38
002220, 1.75
002221, 1.44
002243, 1.31
002272, 4.81
002307, 2.26
002317, 0.97
002336, 0.66
002375, 1.89
002386, 1.87
002406, 18.04
002420, 1.41
002429, 2.18
002453, 5.09
002480, 0.88
002514, 2.8
002523, 2.28
002549, 0.73
002565, 1.45
002613, 15.54
002663, 6.36
002692, 0.6
002711, 2.66
200011, 0.45
200030, 0.62
200058, 0.23
200521, 0.04
200570, 0.18
200625, 0.17
200726, 0.08
300022, 6.48
300029, 1.36
300082, 5.46
300181, 5.97
300192, 1.69
300217, 1.07
300283, 2.58
