600028, 0.14
600035, 0.77
600256, 1.24
600438, 0.97
600469, 2.09
600500, 2.45
600558, 5.24
600581, 1.03
600583, 0.78
600688, 0.93
600691, 5.34
600720, 4.87
600782, 2.83
600787, 1.89
600794, 2.08
600810, 8.69
600827, 1.6
600856, 3.0
600959, 1.73
601113, 0.98
601579, 3.39
601890, 2.71
000018, 4.54
000422, 2.22
000656, 2.06
000690, 1.82
000735, 4.02
000759, 1.54
000809, 1.59
000875, 2.51
000949, 1.64
001896, 2.38
002050, 1.18
002064, 1.59
002166, 4.39
002178, 2.73
002215, 1.75
002225, 3.1
002258, 2.11
002510, 7.36
002556, 18.18
002564, 7.82
002588, 1.89
200055, 0.14
200488, 0.32
200539, 0.22
300002, 1.03
