600006, 5.42
600018, 0.05
600057, 0.96
600059, 1.73
600076, 2.49
600166, 1.38
600208, 0.53
600300, 1.06
600336, 4.18
600359, 4.17
600377, 0.07
600393, 0.51
600423, 1.13
600439, 2.52
600660, 0.78
600690, 0.34
600759, 3.66
600803, 0.74
600886, 0.27
600900, 0.17
601169, 0.13
601288, 0.02
601398, 0.02
601567, 0.39
601939, 0.81
000008, 1.36
000068, 0.52
000089, 0.41
000601, 0.95
000723, 3.51
000729, 0.76
000862, 1.8
000883, 0.16
000919, 0.73
000966, 1.29
002100, 2.63
002142, 0.19
002204, 1.93
002267, 0.34
002269, 1.15
200541, 0.1
300026, 1.14
300259, 2.82
