600016, 0.69
600028, 0.15
600086, 2.47
600256, 1.44
600387, 2.68
600449, 16.41
600469, 1.65
600581, 0.79
600583, 0.89
600616, 4.72
600675, 0.01
600688, 0.76
600782, 2.55
600787, 2.43
600794, 3.17
600810, 3.73
600827, 1.88
600959, 1.7
601113, 1.4
601328, 0.24
601600, 1.24
601633, 0.24
601718, 2.34
601818, 0.27
601890, 3.02
601933, 1.88
601988, 0.06
601998, 0.11
000018, 4.89
000517, 1.08
000656, 4.05
000690, 3.3
000735, 5.02
000759, 2.18
000875, 7.38
002012, 6.12
002018, 3.32
002028, 2.75
002178, 3.52
002225, 3.43
002342, 3.44
002470, 1.47
200539, 0.22
300002, 1.87
300126, 23.25
