600026, 0.72
600051, 1.87
600075, 1.69
600080, 2.12
600133, 2.83
600183, 1.22
600203, 2.28
600216, 2.08
600220, 0.96
600237, 6.37
600249, 1.97
600250, 2.24
600257, 3.0
600280, 1.99
600281, 6.68
600285, 1.75
600300, 0.71
600305, 1.49
600326, 2.04
600336, 2.11
600356, 1.34
600361, 0.77
600409, 1.37
600448, 3.62
600462, 1.93
600481, 2.84
600505, 1.1
600508, 1.41
600546, 1.28
600548, 0.11
600550, 0.68
600558, 1.83
600567, 0.55
600572, 3.08
600581, 1.87
600603, 0.86
600619, 1.57
600664, 0.16
600683, 0.5
600713, 1.36
600716, 1.27
600719, 2.02
600727, 2.02
600728, 3.76
600731, 2.72
600747, 1.96
600751, 0.88
600769, 0.93
600778, 1.61
600825, 0.94
600857, 1.2
600868, 5.33
600871, 0.99
600967, 1.52
600995, 7.43
601100, 0.75
601139, 0.17
601169, 0.19
601188, 1.96
601339, 0.86
601515, 0.47
601666, 2.21
601717, 1.2
601898, 0.24
601918, 1.87
601996, 1.53
603123, 1.22
603128, 2.04
603300, 2.84
603333, 0.79
000090, 2.22
000338, 0.81
000421, 2.76
000507, 1.53
000509, 2.94
000521, 1.14
000548, 1.48
000554, 4.55
000557, 3.85
000589, 2.26
000622, 0.87
000663, 1.97
000685, 0.77
000692, 1.48
000702, 3.32
000729, 0.54
000767, 2.42
000782, 3.06
000800, 2.2
000801, 0.8
000811, 2.3
000822, 0.87
000830, 1.2
000899, 0.51
000900, 1.71
000921, 1.77
000927, 0.79
000936, 1.94
000959, 5.79
001696, 2.83
002015, 1.79
002021, 2.24
002042, 1.2
002047, 2.72
002069, 0.74
002083, 1.24
002097, 2.34
002100, 3.83
002135, 1.21
002145, 5.2
002181, 0.59
002216, 0.82
002218, 1.24
002220, 2.48
002233, 1.1
002240, 2.64
002317, 2.79
002331, 4.06
002342, 1.62
002351, 8.99
002376, 2.23
002379, 3.81
002420, 1.1
002455, 4.11
002480, 1.74
002487, 0.62
002521, 2.54
002523, 1.69
002524, 4.11
002534, 0.61
002565, 2.61
002585, 1.34
002586, 2.79
002677, 2.88
002711, 10.12
200019, 1.68
200026, 2.19
200058, 0.7
200429, 0.81
200488, 1.3
200512, 0.51
200521, 0.26
200570, 0.77
200613, 0.17
200726, 0.12
300058, 1.49
300083, 1.55
300107, 3.13
300151, 1.18
300169, 2.87
300181, 3.12
300192, 3.81
300214, 2.95
300217, 3.3
300240, 3.03
300249, 1.12
300261, 0.42
300267, 0.5
