600010, 0.99
600011, 0.23
600027, 0.29
600028, 0.13
600089, 0.77
600115, 0.89
600116, 3.02
600143, 1.08
600153, 1.16
600283, 5.99
600299, 0.72
600352, 0.68
600425, 2.49
600438, 0.61
600512, 1.94
600522, 0.97
600527, 3.22
600581, 1.43
600583, 0.72
600619, 1.8
600674, 0.27
600686, 2.82
600688, 0.62
600720, 5.08
600787, 1.15
600795, 0.53
600803, 1.29
600808, 2.5
600831, 1.05
600839, 1.68
600875, 1.46
600886, 0.44
600959, 0.74
601006, 0.19
601106, 1.17
601107, 1.75
601158, 0.26
601169, 0.21
601288, 0.04
601333, 1.07
601398, 0.03
601718, 4.18
601857, 0.02
601890, 4.43
601919, 0.62
601933, 3.81
601939, 0.93
601985, 1.72
601988, 0.06
601991, 0.18
000016, 4.11
000027, 0.27
000035, 9.35
000069, 0.63
000539, 0.33
000656, 2.15
000708, 3.46
000709, 2.86
000761, 2.49
000778, 3.89
000833, 4.46
000875, 4.52
000882, 7.22
000888, 0.89
000897, 1.62
000902, 6.53
000903, 2.56
000927, 1.12
002028, 1.64
002081, 0.84
002105, 2.14
002166, 2.46
002176, 2.05
002178, 3.22
002187, 4.41
002244, 0.68
002263, 8.11
002318, 3.27
002327, 3.65
002336, 1.39
002345, 2.11
002385, 1.07
002397, 1.78
002556, 6.61
002570, 1.38
002622, 4.87
002770, 4.18
159927, 0
200539, 0.16
300251, 0.8
