600015, 0.22
600016, 0.27
600028, 0.18
600057, 2.98
600086, 2.37
600091, 1.27
600122, 3.4
600143, 0.73
600256, 3.22
600269, 0.76
600313, 2.32
600387, 3.98
600425, 1.57
600469, 0.97
600481, 0.8
600507, 1.87
600527, 1.45
600533, 1.04
600581, 1.78
600760, 0.03
600782, 5.65
600808, 1.1
600856, 1.61
600959, 1.34
600995, 4.11
601101, 1.96
601107, 0.57
601288, 0.11
601328, 0.41
601333, 0.63
601398, 0.04
601633, 0.56
601717, 1.53
601818, 0.26
601890, 4.63
601933, 1.51
601939, 1.06
601988, 0.12
601998, 0.11
603369, 6.13
000035, 2.83
000425, 2.32
000514, 11.94
000519, 12.53
000630, 2.42
000688, 2.75
000709, 1.39
000716, 8.79
000735, 5.23
000761, 0.9
000778, 2.59
000875, 8.44
000882, 6.43
000903, 2.02
000930, 18.11
000949, 1.54
002028, 1.72
002064, 1.28
002068, 5.42
002127, 0.99
002132, 1.75
002167, 3.22
002178, 5.66
002187, 1.8
002216, 5.92
002225, 6.34
002272, 4.94
002336, 0.96
002342, 5.55
002429, 0.9
002470, 1.82
002570, 3.27
002591, 3.88
002604, 3.5
002622, 3.5
002770, 3.41
159927, 0
200539, 0.17
