600004, 0.25
600015, 0.18
600019, 0.16
600026, 1.07
600028, 0.05
600031, 0.42
600033, 0.24
600039, 0.59
600051, 4.83
600059, 1.07
600063, 0.73
600078, 3.15
600080, 1.57
600082, 2.19
600086, 0.87
600093, 1.56
600095, 1.03
600096, 0.69
600106, 0.72
600108, 1.76
600117, 2.26
600123, 2.36
600130, 2.15
600133, 3.89
600156, 2.95
600157, 0.81
600190, 0.37
600191, 1.15
600192, 1.05
600193, 1.56
600203, 1.35
600208, 0.32
600215, 3.05
600220, 0.94
600225, 1.49
600226, 1.86
600229, 1.26
600239, 0.68
600251, 1.17
600252, 0.81
600269, 0.41
600277, 0.82
600284, 0.46
600287, 2.24
600300, 1.85
600308, 0.87
600311, 1.68
600320, 0.41
600326, 1.58
600327, 0.91
600339, 0.99
600356, 1.16
600359, 1.18
600362, 0.6
600375, 2.18
600377, 0.03
600387, 2.07
600395, 2.1
600399, 1.74
600403, 0.21
600426, 0.62
600428, 1.11
600429, 0.59
600448, 2.57
600449, 1.05
600469, 0.8
600470, 2.46
600495, 1.61
600515, 0.8
600533, 0.81
600540, 1.99
600546, 0.95
600548, 0.13
600555, 3.06
600567, 0.5
600575, 0.38
600581, 0.89
600582, 0.52
600583, 0.32
600595, 2.16
600643, 2.42
600644, 2.35
600658, 0.55
600673, 2.13
600691, 1.66
600695, 0.91
600705, 1.05
600719, 3.98
600720, 1.83
600723, 0.69
600727, 1.2
600731, 2.81
600738, 1.6
600747, 2.77
600761, 1.7
600769, 1.23
600776, 1.23
600778, 1.34
600784, 4.61
600790, 1.57
600792, 2.62
600794, 0.51
600798, 0.76
600802, 4.32
600810, 0.92
600812, 0.46
600815, 1.8
600820, 0.91
600824, 0.32
600827, 0.28
600834, 0.38
600854, 0.73
600858, 0.59
600863, 0.38
600865, 2.47
600866, 1.35
600871, 1.05
600875, 0.37
600881, 1.17
600882, 0.76
600888, 1.76
600961, 0.81
600966, 1.12
600967, 1.43
600970, 0.86
600981, 1.38
600982, 1.37
600992, 1.53
601003, 1.4
601006, 0.23
601007, 2.65
601008, 0.63
601010, 3.14
601107, 0.37
601116, 0.46
601118, 0.87
601168, 0.91
601169, 0.19
601226, 1.23
601233, 0.79
601313, 0.7
601333, 0.19
601339, 0.4
601369, 0.33
601600, 1.16
601608, 0.33
601616, 1.87
601717, 0.63
601766, 0.36
601808, 0.07
601866, 0.96
601872, 1.31
601919, 0.45
601969, 0.56
601985, 1.23
601989, 0.29
601991, 0.07
601996, 1.43
601998, 0.06
603015, 1.67
603167, 2.67
603318, 2.65
000021, 0.68
000039, 0.33
000088, 0.23
000090, 1.2
000153, 1.59
000166, 0.33
000301, 0.67
000338, 1.13
000417, 1.49
000419, 1.35
000422, 1.17
000428, 1.23
000429, 0.9
000498, 1.93
000506, 0.69
000507, 1.31
000516, 1.63
000521, 1.92
000523, 1.72
000529, 2.75
000530, 0.65
000537, 1.84
000539, 0.18
000543, 1.25
000548, 1.39
000551, 1.61
000552, 3.15
000557, 4.65
000595, 3.97
000600, 1.04
000632, 2.63
000677, 1.08
000680, 4.89
000685, 0.58
000686, 1.75
000690, 0.88
000692, 1.6
000702, 1.22
000703, 0.81
000707, 3.7
000713, 2.65
000735, 1.51
000737, 1.8
000750, 0.86
000759, 0.4
000761, 0.26
000767, 1.21
000778, 0.95
000783, 0.36
000816, 1.67
000830, 0.9
000848, 3.4
000850, 0.98
000852, 0.34
000859, 1.81
000877, 1.18
000919, 0.73
000931, 1.5
000932, 0.77
000937, 1.39
000939, 2.19
000966, 0.46
000976, 0.86
000983, 2.26
001896, 1.73
002002, 0.93
002015, 1.62
002018, 0.62
002024, 0.66
002026, 0.75
002029, 0.87
002047, 2.86
002054, 1.86
002060, 1.34
002063, 2.83
002067, 4.77
002068, 1.35
002069, 0.43
002083, 0.72
002084, 3.08
002086, 2.89
002093, 0.83
002100, 0.67
002104, 1.44
002109, 1.3
002139, 9.94
002145, 5.21
002147, 1.16
002158, 0.78
002178, 1.42
002203, 0.38
002204, 0.4
002218, 0.95
002220, 1.31
002233, 1.08
002240, 1.51
002248, 1.65
002255, 1.81
002274, 1.3
002277, 2.06
002305, 2.49
002307, 1.77
002321, 1.33
002325, 1.69
002327, 0.61
002334, 2.15
002336, 0.54
002337, 1.81
002342, 1.33
002344, 0.76
002361, 1.33
002363, 1.85
002367, 2.47
002381, 4.03
002382, 1.6
002392, 2.25
002420, 1.7
002426, 1.56
002453, 2.84
002455, 6.36
002469, 1.5
002482, 1.87
002487, 0.54
002496, 2.64
002501, 2.81
002516, 3.22
002521, 1.84
002523, 1.61
002524, 3.21
002535, 2.36
002540, 0.72
002554, 2.44
002556, 4.93
002561, 0.45
002566, 1.12
002570, 0.66
002579, 0.93
002585, 0.72
002598, 2.03
002677, 0.99
002678, 1.44
002693, 2.73
002770, 2.04
159901, 0
159902, 0
159911, 0
159919, 0
159922, 0
200011, 0.41
200017, 0.17
200026, 0.68
200054, 0.09
200429, 0.21
200488, 0.28
200521, 0.14
200613, 0.04
200726, 0.11
300022, 2.54
300083, 1.34
300086, 1.8
300131, 1.29
300135, 2.31
300154, 0.75
300155, 1.04
300157, 1.99
300167, 1.3
300169, 2.11
300192, 4.98
300214, 2.08
300239, 0.9
300261, 0.36
300277, 0.83
300289, 0.96
300301, 2.33
300305, 1.29
300390, 3.0
