600005, 1.9
600015, 0.54
600016, 0.49
600021, 0.15
600028, 0.27
600057, 2.73
600086, 5.27
600091, 1.83
600166, 1.92
600283, 4.9
600299, 1.4
600425, 2.56
600439, 1.82
600469, 1.77
600481, 1.38
600507, 1.98
600527, 2.58
600533, 1.86
600581, 4.14
600619, 4.35
600722, 3.62
600765, 3.02
600782, 3.9
600808, 1.82
600814, 21.29
600856, 2.46
601107, 1.05
601158, 0.38
601288, 0.18
601328, 0.83
601333, 1.13
601398, 0.1
601633, 0.27
601718, 4.37
601890, 2.66
601933, 2.34
601939, 2.14
601988, 0.24
601998, 0.24
603369, 3.05
000016, 3.75
000035, 4.69
000536, 1.2
000630, 3.41
000709, 2.23
000716, 11.14
000735, 3.47
000761, 1.1
000778, 3.25
000875, 3.85
000882, 10.38
000897, 1.67
000902, 3.56
000903, 2.41
000932, 1.38
000949, 1.78
002028, 2.46
002064, 2.41
002132, 3.15
002164, 3.64
002178, 3.75
002187, 3.14
002318, 3.52
002327, 2.26
002336, 1.58
002342, 3.05
002385, 2.62
002470, 1.18
002556, 5.98
002570, 2.11
002604, 5.04
002622, 4.24
002770, 7.02
159927, 0
200539, 0.43
