600029, 1.23
600052, 0.99
600075, 5.36
600078, 2.32
600093, 1.34
600100, 1.05
600122, 0.91
600131, 1.41
600180, 0.78
600190, 2.24
600199, 2.85
600208, 0.6
600216, 1.22
600227, 1.04
600237, 3.37
600240, 0.66
600285, 1.61
600290, 1.98
600295, 0.9
600301, 0.91
600320, 1.71
600337, 1.42
600339, 0.93
600353, 2.63
600365, 1.53
600367, 2.15
600377, 0.12
600386, 2.21
600396, 0.44
600460, 0.81
600466, 7.87
600477, 3.03
600488, 0.41
600510, 0.52
600515, 1.36
600522, 4.96
600540, 16.67
600558, 3.65
600635, 1.23
600658, 0.49
600665, 1.75
600674, 0.48
600695, 0.92
600716, 1.51
600717, 2.83
600720, 18.31
600731, 5.01
600738, 1.78
600744, 1.48
600780, 0.46
600791, 1.53
600802, 20.92
600815, 5.8
600866, 0.94
600965, 1.05
600967, 3.84
600971, 1.63
600973, 2.06
600978, 0.87
600987, 1.16
601028, 0.92
601111, 0.63
601139, 0.3
601177, 3.16
601188, 0.77
601231, 1.43
601369, 0.63
601608, 1.87
601886, 0.41
601991, 0.18
603002, 3.27
603167, 3.61
603901, 3.47
000035, 1.26
000040, 0.61
000043, 1.83
000066, 1.59
000089, 0.72
000090, 0.73
000158, 0.52
000425, 2.39
000505, 0.67
000506, 2.41
000507, 9.45
000521, 2.12
000533, 4.43
000536, 1.6
000545, 5.26
000551, 2.61
000600, 1.11
000622, 0.8
000628, 1.79
000665, 0.69
000680, 19.72
000705, 1.18
000735, 5.2
000739, 0.72
000816, 0.94
000851, 2.37
000899, 0.89
000926, 6.15
000933, 0.82
000950, 0.69
000976, 2.27
000978, 2.31
002020, 2.25
002029, 0.97
002044, 1.3
002060, 1.22
002069, 0.53
002073, 1.0
002079, 1.86
002081, 0.77
002083, 0.49
002096, 0.86
002102, 1.42
002105, 4.81
002106, 5.48
002139, 2.51
002155, 2.12
002158, 1.43
002177, 1.91
002181, 0.89
002214, 1.67
002239, 0.91
002288, 2.14
002297, 3.71
002303, 2.35
002317, 1.75
002334, 1.73
002336, 0.37
002375, 1.09
002376, 2.47
002381, 2.45
002382, 0.93
002421, 1.8
002457, 1.87
002472, 1.06
002496, 2.73
002502, 1.48
002523, 1.42
002531, 0.68
002536, 1.15
002566, 1.25
002567, 2.44
002570, 1.07
002586, 0.73
002650, 0.79
002708, 2.88
159901, 0
159902, 0
159922, 0
200018, 0.21
200022, 0.38
200055, 0.2
200521, 0.13
200553, 0.49
300013, 0.87
300039, 0.98
300040, 3.04
300064, 0.52
300066, 2.23
300074, 2.24
300079, 1.09
300084, 4.68
300102, 1.46
300108, 1.87
300150, 5.08
300165, 2.74
300182, 1.07
300198, 3.07
300241, 1.74
300259, 4.33
300261, 0.42
300305, 1.44
300332, 2.56
