600005, 0.48
600015, 0.21
600017, 3.58
600019, 0.21
600020, 0.96
600023, 2.61
600026, 2.18
600029, 1.74
600033, 0.43
600035, 1.57
600050, 1.82
600052, 1.41
600057, 0.48
600063, 1.16
600067, 0.9
600068, 0.97
600089, 0.89
600090, 2.93
600091, 0.76
600095, 1.34
600096, 0.84
600098, 0.55
600106, 1.87
600108, 2.09
600123, 2.11
600143, 0.78
600152, 7.5
600157, 0.91
600162, 0.81
600166, 2.71
600170, 0.61
600176, 1.06
600186, 1.46
600188, 0.37
600190, 1.72
600192, 1.59
600193, 2.63
600199, 3.61
600206, 2.2
600207, 1.92
600208, 0.33
600210, 2.1
600217, 0.75
600220, 1.49
600221, 1.87
600223, 1.04
600229, 4.83
600232, 4.47
600235, 1.67
600237, 3.1
600238, 1.33
600239, 1.56
600240, 0.72
600251, 2.04
600256, 0.49
600269, 0.7
600273, 3.81
600277, 1.0
600279, 5.24
600284, 1.17
600292, 1.38
600295, 1.75
600302, 1.54
600308, 1.01
600311, 2.88
600317, 1.19
600333, 3.71
600350, 0.19
600358, 3.17
600359, 2.53
600360, 1.94
600361, 0.56
600365, 7.64
600369, 1.04
600383, 0.19
600387, 2.11
600388, 1.79
600397, 2.21
600399, 3.81
600403, 0.32
600425, 1.15
600426, 0.62
600429, 0.61
600435, 1.32
600448, 4.56
600449, 2.75
600460, 1.22
600469, 1.23
600481, 0.61
600490, 2.11
600495, 2.83
600507, 0.6
600508, 1.17
600509, 1.77
600526, 3.45
600527, 5.77
600533, 1.22
600546, 0.49
600548, 0.29
600565, 1.6
600567, 1.81
600569, 0.82
600575, 0.84
600578, 0.19
600581, 1.16
600582, 1.61
600589, 1.46
600598, 0.98
600614, 1.35
600616, 2.71
600617, 4.72
600618, 1.49
600624, 2.43
600635, 0.96
600641, 2.32
600642, 0.41
600643, 1.69
600644, 1.6
600651, 3.88
600665, 1.0
600667, 2.26
600674, 0.32
600676, 1.76
600683, 0.76
600684, 1.47
600691, 1.52
600703, 0.36
600712, 1.92
600716, 1.2
600719, 3.79
600720, 2.16
600723, 0.66
600724, 0.42
600730, 8.12
600731, 4.29
600738, 2.62
600744, 1.09
600757, 1.01
600759, 1.34
600769, 2.23
600778, 1.91
600780, 0.8
600789, 2.52
600790, 1.51
600791, 2.36
600792, 0.79
600794, 2.24
600802, 2.04
600805, 1.15
600811, 0.92
600812, 0.65
600814, 0.99
600815, 1.25
600819, 1.65
600824, 1.4
600825, 1.34
600827, 0.39
600830, 4.22
600841, 1.77
600846, 3.75
600854, 1.07
600858, 0.47
600863, 0.34
600864, 2.55
600865, 2.75
600873, 1.21
600875, 0.86
600880, 3.42
600881, 1.18
600882, 0.86
600888, 2.45
600889, 1.5
600891, 4.83
600896, 1.96
600959, 2.04
600960, 1.4
600966, 2.97
600967, 1.63
600970, 2.14
600973, 1.29
600978, 1.22
600981, 3.22
600982, 1.69
600987, 1.39
601000, 1.81
601001, 1.51
601003, 0.51
601006, 0.21
601009, 0.4
601018, 1.05
601058, 2.05
601099, 2.76
601107, 0.52
601111, 0.51
601113, 1.24
601117, 0.64
601126, 1.1
601137, 0.75
601139, 0.37
601169, 0.14
601179, 0.41
601188, 1.01
601208, 1.18
601218, 1.7
601225, 2.83
601226, 2.07
601313, 1.49
601328, 0.12
601339, 0.75
601368, 3.19
601369, 0.44
601388, 2.09
601518, 1.28
601600, 1.36
601618, 0.72
601636, 6.54
601678, 1.45
601717, 2.78
601766, 0.33
601777, 1.43
601808, 0.31
601818, 0.16
601866, 2.71
601886, 0.95
601899, 1.71
601908, 0.96
601918, 0.84
601928, 0.45
601939, 0.6
601985, 1.93
601992, 0.21
601998, 0.05
603002, 1.33
603015, 5.83
603123, 1.25
603167, 2.14
603227, 1.74
000001, 0.28
000005, 1.97
000012, 4.18
000027, 0.24
000059, 1.11
000061, 0.56
000088, 1.7
000157, 0.75
000159, 1.36
000166, 1.32
000301, 2.26
000407, 1.19
000417, 0.96
000419, 1.02
000425, 1.16
000428, 1.34
000429, 1.81
000430, 2.9
000506, 2.16
000507, 3.37
000514, 1.34
000516, 1.8
000530, 2.21
000539, 0.26
000541, 1.5
000543, 1.78
000545, 1.77
000548, 3.06
000552, 2.48
000557, 1.38
000572, 0.78
000589, 1.78
000597, 2.56
000598, 1.34
000601, 0.67
000616, 1.3
000619, 2.55
000632, 3.69
000637, 2.63
000650, 1.26
000672, 1.49
000673, 5.63
000685, 0.75
000692, 1.83
000698, 2.89
000700, 2.81
000708, 1.11
000709, 1.02
000735, 2.13
000737, 2.52
000753, 1.67
000755, 5.14
000756, 2.19
000759, 1.23
000778, 1.14
000785, 4.65
000790, 1.45
000795, 2.75
000809, 1.06
000816, 1.97
000828, 0.81
000833, 7.55
000868, 1.38
000876, 0.53
000877, 1.73
000883, 0.38
000898, 0.52
000903, 1.94
000926, 2.22
000927, 1.76
000931, 1.72
000932, 2.53
000939, 4.97
000955, 2.23
000981, 1.97
001896, 1.31
002004, 1.34
002005, 2.38
002018, 4.35
002026, 1.76
002028, 1.51
002029, 1.98
002047, 1.92
002063, 5.89
002064, 1.24
002067, 2.3
002069, 0.58
002083, 1.0
002087, 1.6
002097, 3.36
002116, 1.09
002128, 1.22
002145, 5.0
002162, 3.08
002163, 3.8
002187, 0.81
002191, 1.89
002195, 9.12
002214, 2.49
002215, 3.21
002219, 0.84
002225, 2.1
002232, 1.88
002269, 0.65
002274, 2.62
002277, 1.71
002293, 0.68
002302, 0.65
002321, 1.98
002334, 1.66
002336, 0.66
002337, 2.8
002348, 1.05
002369, 3.36
002397, 1.29
002398, 2.04
002452, 6.23
002453, 3.08
002457, 2.83
002461, 0.59
002481, 1.37
002487, 1.01
002489, 0.94
002497, 1.39
002498, 0.91
002501, 1.89
002504, 8.5
002505, 2.69
002521, 2.13
002528, 1.27
002531, 0.72
002540, 1.4
002542, 0.94
002545, 3.17
002556, 4.6
002561, 0.96
002567, 1.26
002570, 0.94
002579, 1.67
002585, 3.37
002600, 3.34
002604, 3.89
002607, 4.54
002641, 0.57
002654, 5.96
002666, 1.24
002677, 1.94
002689, 1.44
002708, 5.92
159901, 0
159919, 0
159922, 0
159927, 0
200011, 0.61
200017, 0.67
200019, 1.9
200022, 0.14
200026, 0.23
300006, 6.1
300022, 2.47
300039, 1.71
300040, 3.44
300043, 2.81
300064, 1.42
300067, 4.46
300084, 2.52
300094, 3.48
300102, 6.36
300117, 1.41
300129, 1.89
300135, 6.59
300147, 1.89
300154, 1.59
300160, 10.37
300164, 3.57
300189, 2.4
300193, 7.62
300206, 2.62
300214, 3.26
300251, 1.23
300267, 0.54
300297, 1.82
300305, 3.12
300328, 2.65
300332, 2.05
300390, 11.99
