600004, 0.51
600011, 0.11
600012, 0.59
600029, 2.25
600031, 0.88
600039, 0.6
600048, 0.77
600052, 1.65
600059, 1.43
600067, 1.62
600068, 2.23
600077, 1.49
600078, 4.57
600082, 1.21
600089, 0.97
600099, 2.14
600101, 5.24
600108, 3.27
600112, 4.37
600116, 12.38
600121, 1.94
600123, 1.99
600125, 2.18
600130, 3.77
600133, 2.08
600143, 0.77
600159, 1.27
600160, 3.09
600163, 1.75
600166, 2.01
600168, 1.8
600176, 1.02
600178, 2.64
600202, 2.7
600208, 0.49
600213, 1.83
600217, 1.37
600219, 2.28
600222, 1.8
600223, 0.94
600225, 1.43
600239, 1.01
600240, 0.67
600246, 0.38
600255, 3.45
600261, 0.67
600267, 0.72
600268, 1.61
600275, 2.41
600280, 0.94
600281, 0.87
600287, 2.34
600288, 3.34
600292, 2.66
600302, 3.04
600320, 1.37
600323, 0.95
600326, 2.59
600327, 3.22
600331, 7.22
600336, 3.21
600348, 1.27
600350, 0.32
600353, 2.65
600355, 3.34
600356, 2.77
600361, 0.57
600368, 1.19
600375, 1.26
600376, 0.58
600380, 1.24
600388, 1.4
600393, 1.3
600396, 1.66
600397, 2.06
600399, 7.18
600422, 1.72
600432, 0.03
600448, 5.16
600449, 2.64
600460, 3.15
600461, 2.1
600466, 1.18
600470, 5.31
600487, 1.52
600488, 0.89
600490, 4.48
600495, 5.2
600500, 2.11
600503, 9.15
600505, 0.8
600508, 0.88
600509, 0.87
600512, 2.16
600516, 4.62
600561, 3.05
600578, 0.27
600579, 1.87
600580, 5.86
600597, 0.9
600601, 1.53
600609, 0.82
600613, 1.45
600616, 2.61
600621, 1.57
600624, 3.65
600642, 0.39
600644, 1.6
600655, 1.58
600658, 0.83
600683, 0.64
600684, 1.91
600691, 2.05
600708, 2.94
600716, 1.54
600720, 3.06
600723, 0.72
600730, 2.56
600736, 0.98
600740, 2.79
600747, 2.32
600755, 1.81
600758, 7.66
600761, 1.84
600782, 2.82
600791, 1.97
600792, 2.78
600795, 0.45
600797, 4.14
600802, 2.33
600810, 1.39
600815, 2.59
600824, 0.83
600825, 1.4
600828, 1.39
600830, 2.09
600831, 2.32
600844, 2.31
600846, 5.25
600854, 5.93
600858, 0.84
600865, 2.02
600874, 1.1
600883, 0.95
600888, 2.05
600890, 1.14
600900, 0.15
600917, 4.7
600959, 1.73
600961, 2.48
600963, 3.29
600965, 0.83
600966, 2.47
600971, 2.73
600979, 0.6
600981, 2.35
600987, 2.81
600992, 3.01
601008, 4.09
601011, 3.21
601028, 1.97
601038, 1.35
601088, 0.1
601100, 1.43
601107, 1.12
601117, 0.62
601118, 3.69
601139, 0.39
601177, 1.79
601188, 0.62
601208, 2.33
601216, 0.47
601218, 1.13
601231, 0.5
601288, 0.03
601328, 0.1
601339, 0.7
601368, 6.06
601369, 1.01
601398, 0.03
601519, 1.08
601633, 0.49
601666, 0.66
601678, 1.07
601699, 1.32
601798, 0.75
601818, 0.15
601880, 1.9
601899, 1.22
601969, 0.62
601985, 4.05
601996, 1.55
601998, 0.09
601999, 0.87
603077, 0.9
603111, 2.2
603123, 1.37
603126, 7.96
603167, 2.13
603333, 0.99
603366, 0.83
603369, 2.76
603618, 4.68
900905, 0.14
900929, 0.34
000009, 4.75
000010, 2.55
000012, 1.17
000029, 0.95
000030, 0.71
000039, 1.36
000040, 1.08
000058, 2.46
000088, 0.51
000089, 0.46
000157, 1.37
000166, 1.51
000301, 0.96
000338, 1.52
000416, 1.19
000417, 1.42
000419, 5.45
000422, 3.22
000428, 1.87
000429, 1.33
000430, 2.43
000498, 3.65
000507, 2.33
000510, 4.31
000514, 1.24
000521, 2.03
000541, 2.95
000543, 2.39
000548, 3.4
000564, 2.39
000576, 0.9
000589, 1.81
000599, 2.51
000607, 1.28
000616, 2.13
000627, 1.49
000635, 3.87
000637, 4.05
000652, 1.39
000655, 2.65
000656, 1.84
000692, 1.44
000707, 2.05
000713, 3.16
000715, 0.53
000721, 2.07
000722, 1.89
000731, 2.09
000735, 3.07
000737, 4.5
000739, 1.45
000751, 5.17
000753, 1.92
000756, 1.35
000782, 2.96
000785, 2.79
000786, 2.12
000788, 1.73
000789, 2.76
000793, 2.1
000807, 4.36
000812, 2.22
000822, 0.91
000825, 1.38
000829, 4.32
000837, 3.16
000850, 1.62
000856, 1.13
000862, 3.0
000877, 2.61
000878, 5.78
000888, 0.97
000900, 0.7
000905, 1.68
000913, 2.18
000918, 0.73
000928, 3.54
000930, 7.64
000937, 2.21
000949, 3.44
000951, 1.06
000993, 2.04
001896, 1.48
002005, 2.29
002015, 4.1
002021, 2.12
002028, 1.63
002029, 1.32
002033, 2.06
002047, 1.47
002060, 4.12
002062, 1.27
002064, 1.04
002083, 1.19
002092, 8.1
002098, 2.95
002109, 1.0
002128, 1.18
002132, 1.97
002163, 3.48
002166, 3.2
002168, 2.41
002170, 3.42
002187, 1.08
002220, 2.43
002225, 1.82
002236, 1.93
002248, 4.41
002258, 1.05
002267, 0.74
002277, 1.77
002285, 1.04
002288, 8.54
002300, 0.83
002302, 1.18
002307, 2.48
002327, 1.26
002334, 2.63
002337, 1.84
002342, 2.34
002344, 0.87
002360, 2.34
002363, 2.63
002377, 2.31
002381, 2.83
002390, 3.63
002391, 1.81
002392, 2.26
002404, 3.16
002429, 1.3
002433, 2.11
002470, 1.08
002471, 2.06
002476, 3.6
002479, 1.37
002481, 4.18
002487, 2.14
002489, 1.84
002528, 2.29
002538, 1.52
002563, 0.2
002565, 1.61
002575, 3.03
002593, 2.7
002598, 3.17
002601, 5.07
002614, 1.81
002628, 1.7
002634, 7.42
002644, 3.19
002648, 1.11
002678, 1.11
002697, 1.92
002700, 1.33
002701, 1.71
159901, 0
159902, 0
159909, 0
159911, 0
159919, 0
159922, 0
159927, 0
200011, 0.15
200012, 0.28
200026, 0.16
200029, 0.13
200045, 0.46
200056, 0.15
200058, 0.27
200413, 0.32
200468, 0.11
200488, 0.15
200512, 0.08
200521, 0.15
200530, 1.18
200706, 0.08
200992, 0.34
300039, 1.97
300058, 1.14
300064, 1.68
300067, 10.11
300079, 2.51
300090, 2.16
300105, 1.89
300107, 2.97
300129, 1.86
300164, 2.05
300172, 2.73
300179, 2.15
300181, 3.11
300189, 5.42
300214, 2.64
300255, 0.69
300301, 1.79
