600004, 0.34
600008, 0.52
600010, 1.2
600011, 0.11
600015, 0.19
600018, 0.11
600020, 2.11
600023, 0.46
600026, 1.05
600027, 0.24
600029, 1.17
600033, 0.56
600048, 0.2
600089, 3.53
600098, 0.92
600109, 1.59
600160, 1.32
600166, 1.94
600170, 1.01
600176, 1.2
600177, 0.35
600199, 4.83
600208, 0.24
600219, 3.4
600221, 0.78
600249, 9.31
600252, 0.72
600261, 0.55
600269, 0.54
600297, 1.07
600300, 0.58
600327, 1.27
600335, 0.45
600350, 0.29
600352, 0.8
600368, 1.95
600377, 0.1
600399, 3.73
600418, 0.92
600481, 0.68
600489, 0.99
600495, 2.56
600496, 1.08
600502, 4.37
600508, 1.0
600512, 1.52
600522, 1.16
600537, 1.27
600546, 0.49
600548, 0.15
600550, 1.0
600578, 0.19
600582, 0.68
600583, 0.44
600595, 2.58
600642, 0.63
600674, 0.31
600690, 0.62
600701, 4.08
600704, 4.02
600705, 0.49
600728, 0.59
600743, 0.28
600755, 1.1
600761, 1.16
600798, 1.5
600808, 1.64
600814, 4.1
600820, 0.96
600839, 0.97
600863, 0.43
600872, 0.37
600873, 1.16
600881, 1.88
600886, 0.56
600900, 0.1
600963, 1.06
600967, 1.6
600997, 1.34
601000, 3.02
601009, 0.5
601018, 0.4
601058, 0.51
601117, 1.17
601118, 3.77
601158, 0.14
601179, 0.47
601225, 0.25
601288, 0.03
601328, 0.1
601377, 0.72
601398, 0.03
601588, 0.84
601717, 1.42
601766, 0.37
601818, 0.09
601872, 0.61
601898, 0.25
601899, 0.7
601933, 0.93
601939, 0.62
601988, 0.05
601989, 1.08
601991, 0.1
601998, 0.08
603366, 0.54
603993, 1.57
900905, 0.16
000012, 4.38
000100, 1.16
000416, 2.21
000425, 3.21
000426, 1.36
000429, 1.05
000520, 2.07
000521, 2.5
000539, 0.25
000554, 4.02
000566, 0.7
000572, 1.11
000589, 2.35
000600, 0.46
000611, 0.77
000630, 3.27
000636, 3.28
000688, 1.99
000719, 1.02
000729, 0.5
000739, 0.59
000751, 3.64
000761, 1.09
000798, 1.8
000852, 1.85
000863, 0.39
000868, 1.05
000883, 0.46
000897, 2.08
000900, 0.9
000937, 1.63
000967, 0.66
000983, 1.45
001896, 3.3
002028, 0.81
002106, 1.43
002109, 1.32
002128, 0.8
002145, 1.72
002146, 0.55
002178, 1.15
002198, 3.76
002203, 0.44
002204, 0.88
002214, 0.84
002219, 0.76
002221, 0.66
002236, 0.56
002244, 0.48
002254, 1.04
002258, 2.91
002367, 1.37
002376, 1.14
002423, 0.37
002453, 2.26
002461, 0.92
002535, 1.89
002648, 0.41
002677, 1.12
159927, 0
200037, 0.15
200055, 0.11
200488, 0.32
300091, 0.45
300219, 1.0
300267, 0.26
300337, 0.32
