600005, 1.56
600026, 0.44
600039, 0.75
600051, 1.92
600093, 1.59
600121, 1.91
600127, 2.96
600133, 4.57
600156, 2.34
600215, 3.01
600216, 1.52
600237, 4.85
600250, 2.19
600273, 3.43
600280, 1.96
600285, 1.28
600295, 3.38
600300, 1.01
600302, 4.51
600305, 0.7
600326, 2.57
600361, 0.95
600448, 6.36
600462, 1.62
600505, 2.11
600508, 1.05
600546, 0.37
600550, 0.79
600558, 2.12
600567, 0.72
600572, 0.89
600573, 1.05
600657, 1.85
600664, 0.21
600684, 1.46
600719, 2.34
600724, 0.85
600727, 2.27
600728, 4.33
600731, 6.58
600743, 0.94
600747, 2.43
600751, 1.49
600769, 1.58
600778, 1.54
600790, 1.19
600791, 5.03
600792, 1.68
600844, 1.98
600857, 1.03
600868, 5.89
600871, 1.26
600888, 2.64
600894, 0.4
600966, 1.26
600967, 1.51
600985, 2.09
601038, 10.17
601100, 0.71
601188, 0.69
601218, 1.48
601339, 1.1
601515, 0.28
601633, 0.13
601666, 1.07
601700, 6.49
601898, 0.19
601992, 0.2
601996, 1.83
603123, 0.83
603300, 3.24
603889, 2.29
000090, 3.99
000338, 0.72
000421, 2.38
000507, 1.3
000509, 3.03
000510, 8.55
000528, 0.86
000529, 0.91
000548, 2.87
000554, 6.44
000557, 7.19
000585, 3.13
000589, 1.51
000597, 1.19
000622, 0.96
000663, 2.49
000680, 1.57
000691, 3.1
000692, 1.41
000702, 1.2
000705, 2.63
000716, 12.71
000729, 0.17
000782, 6.45
000789, 2.22
000800, 1.73
000801, 0.79
000809, 5.38
000811, 1.16
000822, 1.76
000830, 1.43
000862, 0.96
000899, 0.65
000900, 0.67
000921, 1.03
000936, 2.4
000939, 1.24
000993, 2.72
001696, 4.21
002015, 4.02
002021, 1.72
002042, 1.18
002045, 3.55
002079, 3.13
002097, 3.97
002132, 3.58
002134, 4.5
002167, 10.11
002199, 2.41
002218, 1.19
002220, 1.99
002274, 1.47
002317, 1.99
002331, 2.87
002336, 1.0
002337, 1.14
002348, 2.34
002363, 2.07
002376, 1.0
002420, 1.24
002433, 1.85
002480, 2.05
002487, 0.94
002497, 1.2
002521, 2.87
002523, 1.76
002534, 1.0
002565, 0.93
002585, 2.3
002593, 1.95
002665, 0.61
002692, 0.99
200019, 0.94
200026, 0.28
200030, 0.86
200058, 0.4
200488, 0.35
200512, 0.15
200521, 0.06
200570, 0.08
200613, 0.06
200726, 0.25
300058, 1.01
300083, 1.4
300087, 1.27
300094, 5.15
300108, 1.88
300155, 1.92
300169, 3.29
300181, 2.78
300192, 3.02
300217, 1.72
300240, 1.94
300261, 0.37
300370, 2.75
