600004, 0.97
600008, 1.43
600039, 1.11
600051, 1.44
600076, 1.73
600077, 2.38
600080, 2.02
600094, 1.36
600108, 2.04
600112, 2.73
600116, 3.84
600121, 1.07
600125, 1.15
600127, 2.79
600128, 2.83
600156, 0.91
600159, 1.77
600160, 1.22
600168, 2.06
600186, 7.11
600202, 2.5
600210, 1.78
600215, 2.29
600217, 4.51
600218, 2.81
600227, 1.84
600238, 1.43
600243, 2.33
600250, 1.54
600257, 3.09
600261, 0.92
600268, 1.39
600285, 2.83
600290, 2.62
600300, 0.62
600313, 1.56
600325, 2.89
600331, 3.47
600354, 2.05
600355, 5.17
600356, 1.35
600361, 1.0
600368, 1.84
600370, 2.28
600381, 3.31
600395, 1.54
600415, 0.91
600416, 1.84
600426, 1.19
600433, 1.41
600448, 3.16
600460, 1.63
600462, 2.37
600463, 2.45
600481, 1.23
600483, 1.98
600493, 2.35
600495, 4.09
600496, 3.23
600505, 1.46
600507, 0.85
600508, 0.87
600510, 0.98
600512, 5.26
600527, 1.54
600550, 0.6
600558, 2.41
600561, 1.98
600565, 4.49
600573, 1.37
600579, 3.34
600581, 3.07
600613, 0.64
600638, 1.09
600644, 2.05
600665, 1.12
600711, 2.79
600719, 1.89
600722, 1.4
600727, 1.68
600728, 2.48
600731, 2.32
600736, 1.77
600757, 1.61
600766, 2.7
600778, 1.59
600780, 1.15
600782, 1.63
600791, 1.42
600792, 1.04
600802, 3.07
600810, 1.83
600811, 1.22
600815, 1.11
600820, 3.22
600825, 1.14
600844, 1.15
600857, 1.34
600861, 2.33
600888, 2.21
600960, 1.1
600966, 1.91
600969, 1.62
600979, 0.73
600982, 1.72
600995, 2.8
600997, 1.09
601018, 0.37
601100, 1.22
601106, 0.58
601107, 0.45
601126, 0.99
601169, 0.5
601177, 1.19
601188, 0.6
601218, 2.13
601333, 0.65
601368, 5.1
601390, 0.48
601518, 3.11
601618, 0.81
601666, 1.0
601668, 0.89
601678, 1.72
601700, 0.54
601777, 2.31
601801, 0.36
601886, 0.99
601928, 0.59
601996, 1.72
601999, 2.25
603002, 1.88
603011, 5.22
603015, 2.73
603227, 6.8
603300, 2.98
603333, 0.95
603889, 3.46
603969, 7.58
000036, 4.16
000058, 2.21
000060, 2.77
000078, 2.28
000159, 3.14
000421, 2.12
000422, 1.6
000425, 0.83
000430, 6.6
000518, 1.09
000528, 1.61
000536, 1.19
000551, 3.38
000554, 3.44
000570, 3.02
000572, 1.7
000589, 1.27
000597, 1.64
000598, 2.17
000628, 10.56
000632, 2.28
000635, 1.7
000636, 1.74
000673, 1.72
000679, 3.17
000683, 4.93
000692, 2.24
000707, 3.38
000731, 1.9
000737, 2.62
000753, 10.91
000782, 1.9
000789, 1.89
000809, 1.53
000822, 1.24
000856, 1.72
000859, 2.03
000868, 3.13
000912, 1.42
000939, 2.02
000949, 5.71
000960, 5.15
000962, 1.07
000965, 3.18
000976, 1.4
000993, 2.4
001896, 1.76
002003, 1.08
002021, 1.09
002026, 1.48
002028, 2.27
002042, 0.81
002045, 4.15
002050, 1.27
002079, 4.04
002083, 1.31
002084, 3.01
002097, 3.35
002098, 4.45
002100, 1.57
002109, 1.22
002116, 0.84
002124, 5.04
002132, 2.58
002140, 0.69
002150, 2.45
002165, 2.04
002201, 2.41
002220, 2.07
002225, 2.02
002226, 1.55
002233, 2.01
002249, 2.97
002272, 4.3
002300, 2.62
002307, 2.45
002331, 3.18
002336, 0.83
002337, 2.18
002342, 1.39
002344, 1.33
002361, 1.81
002375, 1.54
002398, 2.44
002408, 1.61
002420, 1.23
002433, 6.85
002437, 1.16
002452, 3.41
002453, 2.31
002455, 3.84
002482, 2.31
002501, 4.81
002503, 0.48
002520, 0.88
002521, 3.72
002532, 1.62
002540, 1.33
002550, 1.41
002560, 3.79
002578, 5.94
002585, 1.67
002587, 27.53
002593, 7.18
002638, 1.99
002641, 1.11
002687, 1.2
002693, 1.15
002700, 2.35
200022, 0.19
200026, 0.56
200030, 1.42
200058, 0.64
200413, 1.66
200429, 0.6
200488, 0.62
200512, 0.17
200570, 0.38
200613, 0.11
200706, 0.59
300006, 2.5
300022, 3.92
300029, 4.31
300030, 3.33
300039, 2.5
300066, 4.71
300082, 2.16
300083, 6.3
300086, 2.02
300098, 3.21
300108, 5.4
300126, 3.69
300129, 5.03
300135, 4.21
300151, 2.13
300155, 3.38
300164, 2.43
300165, 3.87
300167, 2.42
300169, 2.79
300175, 2.49
300192, 4.14
300205, 3.46
300214, 2.84
300217, 2.67
300225, 2.49
300240, 1.66
300243, 2.92
300263, 2.0
300283, 2.6
300287, 2.46
300290, 3.89
300305, 1.72
300316, 1.46
300320, 1.73
300370, 3.92
