600018, 0.07
600023, 0.15
600028, 0.24
600089, 0.44
600106, 2.63
600166, 1.79
600221, 0.54
600236, 0.26
600239, 7.55
600252, 0.48
600297, 2.89
600322, 6.1
600418, 0.72
600512, 5.24
600522, 1.15
600583, 0.6
600642, 0.19
600795, 0.52
600873, 1.07
600886, 0.39
600981, 2.2
601012, 0.86
601018, 0.16
601111, 0.25
601117, 0.36
601126, 7.82
601179, 0.25
601618, 0.64
601636, 1.92
601857, 0.03
603366, 0.77
900905, 0.15
000338, 1.79
000709, 0.96
000837, 6.04
000893, 2.98
002376, 0.46
002545, 7.07
200037, 0.18
200429, 0.29
