600011, 0.24
600016, 0.37
600018, 0.12
600023, 1.67
600027, 0.57
600028, 0.28
600029, 1.44
600089, 1.41
600115, 2.5
600116, 4.66
600143, 1.7
600170, 1.25
600177, 0.92
600221, 0.91
600269, 0.8
600299, 1.42
600300, 0.95
600322, 2.72
600350, 0.39
600352, 1.25
600425, 2.66
600438, 0.72
600468, 0.99
600507, 0.85
600522, 1.35
600533, 1.41
600546, 0.94
600581, 1.35
600583, 1.22
600606, 3.5
600619, 2.63
600642, 0.58
600674, 0.74
600684, 2.56
600688, 0.89
600703, 0.6
600717, 0.7
600743, 0.69
600782, 1.57
600787, 1.78
600795, 1.38
600823, 0.43
600831, 1.63
600839, 2.79
600875, 1.84
600886, 1.18
600959, 0.75
601000, 0.98
601006, 0.44
601106, 1.87
601107, 1.31
601111, 0.57
601117, 1.43
601179, 0.79
601288, 0.09
601328, 0.38
601333, 1.81
601388, 3.06
601398, 0.07
601588, 0.55
601633, 0.18
601718, 3.05
601818, 0.31
601857, 0.04
601872, 0.74
601886, 0.46
601890, 2.53
601899, 1.03
601939, 1.1
601985, 2.67
601988, 0.12
601991, 0.21
000001, 0.52
000016, 8.3
000021, 1.49
000027, 0.5
000061, 0.64
000089, 1.03
000407, 1.87
000507, 1.14
000514, 6.61
000536, 0.6
000539, 0.47
000600, 0.79
000656, 3.12
000709, 1.08
000761, 1.62
000778, 2.71
000788, 0.49
000848, 2.03
000875, 6.85
000876, 0.68
000883, 0.35
000897, 1.46
000900, 0.77
000927, 1.41
000966, 1.1
002024, 2.32
002028, 1.46
002176, 4.28
002178, 3.24
002244, 0.77
002263, 3.53
002264, 5.97
002307, 3.23
002318, 1.09
002336, 0.52
002345, 1.13
002385, 2.1
002397, 3.72
002489, 0.97
002556, 6.51
002563, 0.2
002570, 0.88
159901, 0
159911, 0
159919, 0
159927, 0
200022, 0.09
200539, 0.32
300079, 1.31
300082, 2.83
300146, 1.27
300170, 4.14
300251, 1.55
