600028, 0.18
600035, 0.68
600091, 0.6
600122, 1.19
600256, 0.97
600282, 1.97
600400, 0.76
600575, 0.4
600581, 1.68
600583, 0.86
600686, 1.48
600688, 1.13
600703, 0.7
600720, 3.83
600820, 1.49
600871, 4.68
600959, 1.11
601113, 0.78
601857, 0.05
601890, 1.87
000656, 1.45
000759, 4.19
000809, 1.67
000822, 2.28
000875, 6.72
000882, 8.64
000949, 1.21
001896, 5.39
002050, 0.64
002064, 1.13
002166, 4.73
002167, 2.14
002258, 1.53
002470, 0.91
002503, 0.67
002510, 4.55
002564, 6.95
200055, 0.12
200488, 0.44
200530, 0.04
200539, 0.19
