600016, 0.27
600021, 0.58
600023, 1.51
600026, 0.68
600027, 0.4
600028, 0.08
600031, 0.35
600033, 0.46
600050, 0.34
600073, 4.04
600077, 1.92
600082, 2.41
600089, 0.76
600143, 0.73
600159, 2.01
600221, 0.82
600225, 2.85
600236, 1.13
600248, 0.66
600256, 0.53
600261, 0.63
600269, 0.65
600275, 2.07
600279, 2.6
600284, 1.34
600322, 3.46
600333, 4.8
600336, 4.07
600346, 1.12
600348, 1.13
600352, 2.12
600368, 1.57
600377, 0.17
600398, 0.4
600400, 3.21
600415, 0.48
600416, 2.05
600422, 1.2
600426, 0.82
600439, 2.64
600462, 1.4
600507, 2.44
600508, 0.92
600537, 5.44
600548, 0.26
600583, 0.82
600586, 11.05
600603, 1.62
600611, 2.32
600638, 1.14
600642, 0.64
600657, 0.67
600674, 0.26
600684, 2.27
600717, 0.97
600720, 4.17
600723, 1.01
600724, 0.63
600736, 1.86
600742, 2.75
600776, 1.55
600791, 2.08
600792, 0.63
600794, 1.3
600795, 0.37
600806, 2.71
600820, 1.72
600823, 0.61
600824, 3.29
600825, 1.5
600844, 2.05
600863, 1.01
600865, 2.1
600886, 0.92
600963, 2.82
600970, 1.6
600971, 2.28
601006, 0.22
601139, 0.19
601199, 1.84
601288, 0.11
601333, 0.61
601727, 0.85
601800, 0.34
601801, 0.41
601818, 0.78
601898, 0.27
601933, 0.98
601939, 2.05
601988, 0.3
601991, 0.17
601992, 0.68
601998, 0.29
603366, 0.68
000001, 0.75
000016, 3.07
000027, 0.62
000031, 3.26
000069, 1.64
000089, 0.67
000159, 3.46
000404, 2.21
000429, 4.85
000488, 4.36
000507, 1.4
000514, 2.59
000533, 3.13
000537, 4.01
000539, 0.53
000540, 2.5
000566, 5.82
000597, 1.21
000598, 3.45
000600, 1.17
000667, 3.11
000703, 0.81
000709, 1.4
000786, 3.87
000825, 0.74
000856, 0.37
000862, 1.37
000863, 1.28
000877, 2.79
000898, 0.58
000900, 0.94
000902, 1.28
000926, 4.41
000937, 1.86
000959, 6.85
000965, 1.24
000966, 1.75
000978, 5.32
002078, 1.84
002087, 3.37
002092, 6.46
002099, 3.6
002110, 4.21
002128, 2.12
002133, 7.31
002187, 2.16
002264, 1.85
002277, 2.47
002285, 2.13
002305, 1.24
002306, 0.78
002332, 3.4
002397, 3.11
002408, 1.34
002419, 1.91
002478, 1.89
002480, 2.74
002483, 3.25
002495, 17.14
002509, 2.45
002561, 2.13
002665, 1.54
002701, 1.6
159919, 0
159927, 0
200011, 1.0
200012, 0.84
200016, 0.17
200019, 5.02
200026, 0.36
200030, 0.69
200054, 0.18
200429, 0.86
200488, 0.3
200521, 0.27
200541, 0.21
300058, 2.17
300064, 2.4
300090, 2.0
300152, 2.53
300175, 3.7
