600011, 0.3
600015, 0.57
600017, 1.25
600018, 0.12
600019, 0.24
600020, 1.6
600023, 2.17
600029, 1.34
600033, 1.18
600039, 1.52
600048, 0.61
600057, 0.66
600067, 1.14
600068, 4.28
600089, 1.71
600091, 0.65
600095, 3.14
600096, 0.82
600101, 2.34
600106, 1.05
600108, 2.04
600111, 0.77
600115, 0.46
600123, 1.68
600125, 1.63
600133, 4.82
600157, 0.94
600162, 0.62
600165, 0.88
600166, 1.95
600169, 2.59
600170, 2.5
600175, 1.13
600176, 0.93
600188, 0.25
600190, 0.78
600192, 6.5
600193, 2.19
600199, 1.96
600206, 1.15
600208, 0.55
600210, 2.96
600218, 2.51
600220, 1.29
600221, 0.69
600223, 0.77
600226, 1.6
600229, 1.66
600232, 1.5
600239, 0.81
600240, 1.24
600243, 2.57
600249, 2.7
600251, 1.16
600256, 0.82
600266, 0.8
600269, 1.23
600273, 4.46
600277, 1.22
600279, 1.25
600284, 1.19
600292, 0.92
600311, 1.77
600313, 1.53
600317, 0.33
600320, 0.73
600327, 2.17
600333, 2.18
600339, 1.54
600350, 0.39
600351, 1.85
600359, 2.94
600361, 0.9
600369, 0.86
600376, 0.87
600383, 0.24
600388, 1.13
600397, 1.0
600399, 1.95
600403, 0.2
600416, 0.93
600425, 1.03
600426, 1.82
600429, 0.63
600438, 0.69
600448, 2.48
600449, 1.58
600460, 0.81
600466, 2.45
600469, 1.24
600483, 5.54
600495, 4.7
600499, 2.06
600508, 0.73
600515, 1.25
600527, 4.1
600533, 2.56
600540, 1.58
600546, 0.51
600548, 0.18
600567, 0.83
600569, 0.83
600578, 0.5
600581, 1.03
600582, 0.95
600583, 0.88
600586, 1.38
600589, 1.29
600598, 0.99
600609, 1.3
600614, 1.47
600616, 1.37
600617, 2.58
600618, 1.58
600624, 1.45
600635, 0.93
600642, 0.48
600643, 1.57
600644, 1.43
600665, 1.32
600667, 1.7
600674, 0.62
600676, 0.78
600681, 2.26
600683, 0.68
600684, 1.85
600691, 3.06
600708, 1.57
600719, 2.32
600720, 1.61
600723, 0.78
600724, 0.54
600726, 2.24
600731, 2.36
600738, 2.22
600744, 1.94
600757, 0.83
600778, 1.82
600780, 0.59
600791, 1.82
600792, 1.39
600795, 2.88
600801, 1.26
600802, 2.22
600805, 1.02
600811, 0.79
600814, 1.73
600815, 1.07
600819, 0.71
600820, 1.85
600824, 0.74
600827, 0.34
600830, 5.07
600831, 0.71
600841, 0.9
600846, 1.73
600854, 1.23
600856, 2.24
600858, 0.54
600860, 2.4
600863, 1.64
600864, 1.42
600865, 2.46
600873, 5.22
600875, 0.75
600880, 1.67
600881, 1.04
600882, 0.92
600888, 1.92
600889, 1.92
600959, 0.69
600960, 2.41
600966, 1.43
600971, 2.02
600973, 1.22
600978, 1.07
600981, 2.71
600982, 1.44
600987, 0.87
601000, 0.63
601003, 2.78
601006, 0.2
601007, 1.88
601009, 0.73
601018, 0.34
601107, 0.94
601111, 0.38
601113, 1.09
601117, 0.91
601126, 1.17
601139, 0.16
601169, 0.21
601179, 0.72
601188, 1.2
601226, 1.94
601288, 0.06
601313, 1.49
601328, 0.29
601333, 0.44
601339, 0.69
601368, 2.33
601369, 0.52
601388, 2.15
601518, 5.78
601588, 0.61
601600, 1.11
601666, 1.02
601777, 0.9
601808, 0.45
601857, 0.03
601872, 1.0
601899, 1.41
601908, 2.83
601928, 0.31
601929, 0.64
601933, 0.43
601939, 0.77
601985, 2.95
601992, 0.56
601996, 2.42
601998, 0.12
603002, 1.39
603015, 2.75
603167, 1.68
603227, 3.91
603609, 1.42
603993, 0.62
000001, 0.58
000005, 1.43
000027, 0.44
000061, 1.0
000069, 0.52
000088, 0.5
000099, 0.91
000157, 0.64
000159, 1.27
000166, 1.39
000402, 1.36
000407, 1.31
000417, 3.31
000419, 1.96
000425, 1.84
000428, 0.89
000430, 2.22
000507, 1.78
000514, 0.98
000516, 3.0
000530, 1.35
000539, 0.59
000543, 1.56
000545, 1.62
000548, 1.76
000552, 1.28
000557, 1.5
000572, 0.94
000589, 1.77
000597, 10.87
000598, 1.25
000616, 2.0
000619, 2.08
000632, 2.08
000636, 3.04
000637, 4.61
000650, 1.02
000652, 1.07
000663, 4.76
000672, 1.65
000673, 4.83
000685, 0.64
000690, 0.8
000692, 1.79
000698, 3.5
000700, 1.02
000703, 2.2
000708, 1.25
000709, 0.86
000716, 2.32
000726, 1.24
000735, 3.27
000753, 1.19
000759, 0.88
000761, 0.37
000767, 0.96
000778, 1.17
000785, 2.69
000786, 0.96
000793, 1.91
000809, 2.45
000816, 1.48
000825, 0.55
000828, 0.43
000830, 1.41
000833, 3.84
000850, 1.27
000862, 1.72
000868, 1.01
000877, 1.71
000883, 0.45
000898, 0.26
000900, 0.55
000903, 1.26
000926, 1.58
000931, 1.09
000949, 3.91
000950, 0.85
000966, 0.96
000976, 11.65
000978, 1.84
001896, 1.47
002004, 1.25
002005, 1.64
002011, 1.07
002015, 1.27
002018, 0.95
002026, 1.35
002029, 1.61
002031, 1.08
002046, 1.33
002047, 2.01
002063, 4.86
002064, 1.07
002067, 1.96
002069, 0.61
002084, 4.66
002087, 2.19
002097, 6.85
002109, 1.45
002110, 4.13
002116, 0.67
002128, 0.88
002162, 1.89
002163, 2.2
002187, 1.57
002191, 0.59
002204, 3.33
002214, 1.61
002215, 4.66
002225, 1.36
002228, 0.7
002232, 2.05
002263, 1.53
002269, 1.05
002274, 1.57
002288, 3.74
002293, 0.56
002302, 0.74
002307, 2.25
002321, 3.99
002325, 1.23
002327, 0.94
002336, 0.86
002340, 1.32
002369, 2.27
002397, 1.02
002418, 3.25
002419, 1.3
002441, 1.63
002453, 1.88
002457, 2.39
002461, 0.66
002477, 1.02
002487, 1.78
002489, 1.02
002497, 1.07
002498, 0.46
002500, 1.03
002504, 2.31
002505, 1.07
002506, 0.93
002528, 1.47
002533, 1.72
002556, 2.16
002560, 3.25
002561, 0.7
002563, 0.13
002570, 0.62
002579, 1.32
002585, 1.59
002587, 9.02
002607, 4.22
002613, 4.81
002638, 1.51
002641, 0.39
002666, 1.24
002671, 2.78
002689, 0.52
002770, 1.63
159901, 0
159909, 0
159919, 0
159922, 0
159927, 0
200017, 0.15
200019, 0.45
200022, 0.08
200037, 2.74
300006, 2.48
300022, 4.86
300040, 3.89
300079, 1.11
300082, 0.9
300084, 1.77
300094, 1.25
300117, 1.19
300129, 1.15
300135, 3.04
300146, 0.98
300147, 1.43
300154, 2.23
300189, 1.51
300193, 2.18
300206, 1.44
300214, 2.85
300217, 4.82
300251, 0.4
300255, 5.05
300259, 2.04
300289, 1.22
300301, 13.31
300305, 3.47
300315, 2.29
300328, 1.07
