600023, 0.85
600027, 0.29
600051, 0.92
600059, 2.0
600078, 1.81
600080, 2.12
600090, 2.62
600099, 5.61
600112, 3.0
600141, 7.77
600143, 1.55
600151, 1.28
600160, 3.31
600166, 1.15
600178, 1.51
600180, 0.73
600189, 1.78
600208, 0.45
600218, 2.67
600222, 1.08
600236, 0.9
600240, 0.94
600251, 1.21
600255, 3.57
600267, 0.56
600290, 1.56
600295, 0.37
600299, 1.16
600312, 1.76
600323, 0.72
600327, 1.12
600331, 1.77
600333, 1.3
600353, 1.31
600354, 2.68
600359, 3.25
600362, 0.76
600377, 0.14
600393, 0.88
600405, 5.45
600426, 0.83
600432, 1.32
600449, 1.13
600461, 1.08
600470, 3.56
600480, 2.46
600483, 3.97
600503, 4.99
600505, 0.68
600510, 1.55
600516, 3.36
600517, 0.83
600561, 2.87
600589, 1.9
600595, 2.13
600602, 1.94
600609, 1.72
600616, 2.42
600622, 1.34
600624, 3.09
600634, 3.98
600638, 2.84
600651, 3.02
600683, 0.89
600684, 1.16
600705, 1.49
600727, 1.45
600735, 3.94
600755, 1.46
600758, 17.29
600761, 1.32
600776, 1.06
600784, 2.7
600791, 1.16
600805, 4.4
600830, 2.59
600844, 1.47
600883, 1.02
600888, 1.18
600961, 1.14
600985, 2.03
601002, 4.32
601003, 0.61
601177, 1.2
601208, 2.84
601218, 2.09
601225, 1.77
601288, 0.02
601328, 0.11
601588, 0.67
601633, 0.18
601678, 1.74
601789, 2.25
601798, 0.73
601880, 0.76
601899, 1.63
601908, 1.27
601999, 0.73
603123, 0.93
603167, 1.62
603169, 2.63
603366, 0.69
603606, 6.23
000021, 3.08
000026, 1.39
000030, 0.51
000157, 0.43
000413, 3.11
000417, 1.45
000419, 0.86
000422, 0.97
000507, 1.09
000510, 2.36
000519, 3.12
000530, 4.89
000543, 4.38
000545, 5.98
000548, 1.41
000572, 1.56
000616, 1.73
000655, 3.7
000671, 0.45
000682, 2.48
000686, 3.49
000713, 1.35
000722, 1.0
000726, 0.77
000727, 3.68
000731, 2.07
000751, 2.22
000780, 3.32
000788, 0.89
000807, 1.37
000811, 1.95
000812, 1.93
000822, 0.52
000850, 3.99
000862, 1.81
000878, 1.41
000889, 1.24
000903, 1.88
000908, 3.12
000918, 1.48
000926, 1.9
000928, 2.17
000935, 1.8
000939, 1.31
000965, 1.15
000966, 3.1
002017, 1.48
002028, 2.46
002033, 2.18
002073, 3.16
002084, 3.36
002087, 1.87
002092, 3.99
002099, 5.62
002115, 4.21
002118, 1.17
002146, 0.83
002165, 8.0
002166, 2.44
002194, 0.98
002204, 1.37
002214, 2.75
002218, 1.92
002243, 1.62
002250, 2.33
002258, 2.16
002277, 2.09
002300, 0.57
002327, 3.13
002328, 2.26
002334, 3.6
002363, 2.28
002374, 3.81
002376, 1.65
002391, 3.02
002404, 2.93
002406, 2.35
002433, 1.94
002449, 3.66
002457, 2.75
002471, 1.38
002476, 2.43
002478, 1.08
002479, 0.8
002483, 1.88
002490, 5.35
002501, 1.86
002513, 0.81
002534, 0.43
002545, 3.2
002564, 3.1
002575, 1.06
002578, 1.72
002607, 2.62
002650, 2.06
002651, 1.68
002666, 0.81
002678, 0.25
002700, 0.8
159902, 0
159911, 0
159922, 0
200030, 0.05
200045, 0.14
200054, 0.04
200055, 0.29
200413, 0.35
200530, 0.33
300022, 3.09
300029, 2.59
300030, 4.39
300039, 1.69
300094, 3.36
300105, 1.32
300107, 2.0
300123, 1.48
300151, 6.32
300167, 4.79
300175, 1.8
300179, 5.98
300181, 1.83
300205, 3.07
300218, 2.88
300283, 3.09
