600018, 0.1
600027, 0.97
600050, 0.27
600068, 2.24
600089, 1.07
600143, 0.9
600170, 0.8
600183, 1.25
600221, 0.65
600236, 2.33
600239, 2.11
600249, 4.32
600256, 0.57
600269, 0.9
600346, 0.67
600368, 1.96
600377, 0.3
600396, 2.62
600422, 2.54
600429, 1.54
600491, 1.73
600611, 2.94
600618, 0.95
600619, 2.34
600674, 0.48
600676, 1.25
600684, 2.55
600723, 0.82
600726, 5.24
600780, 0.95
600824, 1.27
600825, 1.9
600827, 0.87
600830, 5.91
600834, 1.5
600841, 1.48
600886, 1.51
600900, 0.2
600997, 1.18
601000, 0.48
601011, 5.5
601158, 0.15
601208, 2.68
601216, 0.46
601231, 0.57
601668, 0.48
601801, 0.8
601818, 0.14
601872, 0.7
601918, 1.08
601933, 0.97
601939, 0.69
601988, 0.05
000001, 0.52
000016, 2.57
000402, 0.67
000404, 2.54
000430, 3.76
000498, 3.61
000521, 3.33
000523, 2.35
000525, 1.61
000541, 2.41
000563, 8.58
000573, 2.69
000600, 1.13
000677, 1.95
000828, 0.88
000856, 1.68
000862, 1.63
000898, 0.26
000899, 0.89
000900, 0.82
000912, 1.82
002084, 5.57
002124, 3.98
002305, 0.84
002317, 2.1
002321, 2.42
002391, 2.29
002392, 3.43
002470, 0.47
002507, 2.43
002526, 3.96
002565, 1.72
002678, 0.95
002683, 2.28
200012, 0.16
200017, 0.97
200030, 0.26
200429, 0.41
200488, 0.49
200541, 0.14
300152, 2.14
300185, 3.83
300318, 4.99
