600004, 0.33
600008, 0.63
600011, 0.14
600018, 0.12
600020, 1.48
600023, 0.71
600026, 1.46
600027, 0.39
600033, 1.25
600039, 3.39
600048, 0.35
600059, 4.12
600063, 2.14
600089, 3.1
600098, 0.82
600117, 6.72
600122, 1.2
600127, 5.52
600135, 1.67
600160, 1.42
600163, 1.68
600169, 4.89
600176, 1.85
600177, 0.43
600192, 3.09
600207, 3.92
600208, 0.18
600219, 1.95
600231, 5.54
600269, 1.23
600277, 0.79
600295, 1.92
600297, 2.02
600300, 0.71
600307, 7.44
600308, 3.78
600319, 1.59
600323, 1.17
600325, 0.8
600327, 1.3
600331, 9.52
600335, 0.54
600348, 2.62
600352, 0.67
600368, 4.58
600388, 1.02
600399, 6.24
600409, 0.92
600418, 0.76
600428, 2.61
600481, 0.97
600489, 1.48
600502, 5.8
600508, 1.74
600522, 1.48
600537, 2.29
600548, 0.13
600550, 2.18
600569, 5.2
600578, 0.38
600582, 0.94
600595, 2.17
600642, 0.6
600684, 2.09
600701, 1.84
600704, 6.72
600705, 0.67
600719, 1.78
600723, 1.15
600743, 0.51
600755, 1.1
600761, 3.17
600773, 5.82
600780, 2.04
600782, 2.6
600798, 2.63
600808, 2.47
600820, 2.52
600830, 4.33
600839, 2.91
600858, 2.48
600862, 0.63
600863, 0.7
600872, 0.52
600873, 1.62
600881, 4.27
600886, 0.79
600888, 5.97
600889, 4.06
600963, 1.18
600967, 5.09
600971, 1.56
600997, 1.72
601007, 4.14
601011, 2.62
601018, 0.65
601058, 1.47
601158, 0.1
601179, 0.85
601186, 1.44
601225, 0.46
601328, 0.13
601377, 0.8
601398, 0.02
601588, 0.46
601618, 1.65
601766, 1.01
601818, 0.17
601872, 1.2
601898, 0.29
601899, 0.93
601901, 1.26
601919, 1.18
601939, 0.59
601988, 0.07
601989, 1.93
601991, 0.14
603993, 0.85
900905, 0.22
000055, 0.92
000056, 1.1
000416, 2.35
000426, 2.1
000428, 1.09
000429, 1.71
000498, 11.5
000509, 1.13
000521, 1.41
000546, 10.97
000554, 4.63
000566, 0.57
000572, 1.06
000589, 5.02
000599, 5.63
000600, 0.85
000611, 2.27
000636, 2.72
000680, 9.31
000708, 3.13
000719, 1.29
000729, 0.49
000739, 0.81
000751, 5.23
000761, 1.36
000786, 1.38
000852, 1.42
000868, 1.75
000883, 0.29
000897, 3.27
000900, 1.64
000927, 0.91
000949, 1.31
000960, 1.54
000965, 1.65
000968, 0.96
000983, 2.99
001896, 3.96
002028, 1.85
002081, 1.08
002106, 1.44
002109, 1.84
002128, 1.29
002145, 1.84
002178, 1.99
002204, 1.83
002214, 1.91
002219, 0.42
002236, 0.74
002244, 0.8
002254, 2.32
002255, 3.09
002259, 1.09
002367, 0.79
002376, 1.34
002428, 1.27
002478, 1.23
002524, 4.7
002535, 2.67
002539, 0.92
002564, 6.32
002585, 5.79
002600, 9.46
002614, 3.1
002648, 0.72
002677, 1.27
002683, 10.15
200037, 0.08
200055, 0.16
200429, 0.14
200488, 0.35
300006, 0.76
300045, 1.05
300057, 1.18
300091, 0.98
300129, 1.84
300219, 2.7
300225, 2.3
300239, 0.76
300267, 0.19
300303, 3.3
300337, 0.27
