600005, 1.83
600010, 1.81
600011, 0.39
600018, 0.31
600020, 1.47
600023, 4.13
600027, 1.15
600028, 0.25
600029, 3.93
600033, 0.69
600035, 1.5
600039, 7.84
600075, 2.55
600089, 4.28
600108, 3.78
600153, 2.38
600159, 1.73
600162, 1.1
600170, 3.08
600175, 1.01
600193, 3.35
600208, 0.76
600221, 1.72
600256, 0.52
600257, 3.64
600269, 1.33
600281, 2.05
600283, 2.62
600284, 2.54
600285, 1.43
600300, 2.82
600320, 1.83
600327, 1.62
600328, 2.62
600350, 0.59
600351, 0.91
600352, 1.92
600354, 3.1
600361, 1.21
600369, 1.43
600380, 1.95
600425, 2.13
600429, 1.79
600438, 1.82
600466, 1.82
600481, 1.18
600495, 7.43
600496, 1.57
600507, 1.81
600509, 2.83
600531, 9.21
600546, 1.44
600569, 2.14
600578, 0.52
600583, 1.84
600597, 2.52
600611, 1.29
600616, 2.62
600618, 0.85
600635, 1.27
600642, 0.77
600644, 2.53
600674, 1.23
600683, 0.82
600686, 1.4
600688, 1.04
600691, 2.72
600703, 0.99
600720, 2.24
600723, 0.58
600724, 1.15
600737, 3.64
600757, 1.6
600782, 5.6
600791, 1.61
600795, 2.1
600801, 2.56
600802, 1.98
600808, 2.34
600811, 1.82
600814, 1.56
600820, 2.81
600823, 0.56
600827, 0.68
600830, 3.95
600831, 1.54
600834, 0.88
600858, 1.07
600863, 0.72
600871, 2.25
600875, 1.51
600889, 2.09
600894, 1.25
600959, 1.1
600961, 1.9
600983, 1.61
600987, 3.06
601002, 7.88
601006, 0.71
601007, 2.08
601058, 1.37
601111, 1.43
601117, 2.53
601137, 1.2
601139, 0.21
601179, 1.62
601288, 0.08
601328, 0.46
601333, 1.3
601339, 0.68
601398, 0.05
601588, 0.84
601608, 4.03
601666, 1.61
601818, 0.34
601857, 0.05
601886, 1.26
601899, 1.56
601908, 0.86
601933, 1.45
601939, 1.11
601985, 7.15
601988, 0.11
601989, 3.09
603015, 4.27
603993, 0.92
000001, 0.61
000005, 2.34
000008, 2.02
000027, 0.72
000069, 0.84
000089, 0.91
000157, 1.67
000166, 1.27
000401, 2.28
000407, 3.26
000417, 1.49
000425, 1.5
000429, 3.13
000514, 2.12
000539, 0.67
000598, 1.38
000601, 2.79
000616, 1.15
000627, 2.71
000690, 0.91
000692, 2.38
000708, 2.2
000709, 2.18
000717, 1.9
000735, 2.22
000759, 0.55
000761, 1.25
000778, 3.88
000786, 2.04
000790, 1.72
000800, 1.36
000816, 7.21
000825, 1.37
000850, 2.06
000876, 3.21
000883, 0.54
000900, 2.2
000903, 1.4
000926, 2.99
000927, 2.96
001896, 2.98
002028, 1.91
002029, 1.97
002047, 3.73
002064, 2.05
002116, 0.76
002146, 0.65
002187, 0.92
002203, 0.62
002204, 1.69
002215, 1.76
002244, 1.51
002307, 9.04
002327, 1.38
002336, 0.69
002345, 1.11
002397, 1.29
002433, 2.76
002531, 1.36
002549, 6.2
002556, 4.13
002561, 0.99
002563, 0.49
002570, 4.22
002638, 1.65
002654, 7.67
002708, 9.21
159901, 0
159919, 0
159922, 0
159927, 0
200012, 0.26
200022, 0.45
200488, 0.73
200539, 0.43
200613, 0.05
300084, 2.62
300135, 6.85
300146, 1.92
300170, 5.97
300189, 2.17
300315, 16.25
300325, 1.93
