600005, 0.83
600008, 0.67
600010, 1.19
600011, 0.23
600016, 0.67
600017, 1.06
600018, 0.12
600020, 0.61
600023, 1.61
600026, 1.53
600027, 0.54
600028, 0.31
600029, 2.31
600033, 0.48
600035, 1.09
600086, 1.13
600106, 0.88
600108, 2.26
600115, 2.14
600153, 3.61
600159, 1.41
600170, 1.12
600175, 1.01
600176, 1.27
600177, 1.05
600221, 0.99
600266, 2.87
600269, 0.85
600284, 0.89
600299, 0.9
600320, 0.92
600322, 2.61
600328, 1.14
600352, 1.87
600369, 1.03
600380, 1.16
600396, 2.79
600425, 0.97
600433, 1.5
600438, 1.78
600468, 2.04
600481, 0.54
600495, 2.32
600496, 2.58
600507, 1.17
600509, 1.21
600522, 3.35
600546, 0.98
600569, 0.78
600578, 0.29
600581, 1.17
600583, 1.79
600606, 9.53
600611, 0.82
600616, 2.45
600635, 0.76
600642, 0.46
600643, 1.07
600674, 0.64
600683, 1.06
600684, 4.01
600686, 1.26
600688, 1.16
600703, 0.48
600705, 1.15
600717, 1.65
600720, 1.5
600724, 0.58
600730, 2.12
600743, 1.51
600748, 1.16
600757, 1.0
600780, 0.53
600791, 3.16
600795, 0.89
600801, 1.35
600808, 0.82
600811, 1.07
600820, 1.18
600823, 0.78
600827, 0.44
600839, 3.6
600864, 1.29
600875, 1.51
600886, 0.97
600889, 1.65
600894, 0.64
600959, 1.79
600967, 4.12
600987, 1.1
601000, 0.95
601002, 4.1
601006, 0.62
601018, 0.25
601058, 0.98
601106, 2.9
601107, 0.78
601111, 0.87
601117, 1.53
601139, 0.11
601179, 0.7
601288, 0.06
601328, 0.44
601333, 1.52
601377, 1.19
601398, 0.04
601567, 0.29
601588, 1.66
601818, 0.21
601857, 0.06
601872, 1.3
601886, 1.01
601899, 1.2
601933, 0.5
601939, 0.69
601985, 4.36
601988, 0.09
601989, 3.22
601991, 0.2
601992, 0.42
000001, 0.44
000027, 1.11
000088, 0.41
000089, 0.61
000099, 1.26
000157, 0.84
000166, 0.83
000429, 2.18
000507, 1.72
000514, 6.27
000517, 0.92
000539, 0.56
000572, 1.89
000598, 1.12
000600, 1.01
000608, 2.67
000613, 1.33
000616, 1.44
000627, 1.83
000652, 1.29
000656, 11.45
000672, 8.17
000680, 3.06
000690, 0.5
000708, 1.93
000709, 1.2
000722, 1.13
000735, 2.54
000750, 1.66
000751, 2.88
000761, 0.73
000778, 3.51
000800, 1.73
000825, 0.58
000848, 1.46
000850, 0.95
000876, 1.08
000883, 0.32
000897, 3.58
000900, 1.0
000903, 1.02
000926, 1.66
000927, 3.09
000930, 5.25
000949, 0.82
000966, 0.83
000983, 1.56
001896, 1.52
002004, 1.5
002028, 2.71
002047, 1.58
002064, 1.38
002083, 1.2
002146, 1.78
002163, 6.12
002244, 1.12
002263, 3.92
002318, 1.68
002336, 1.11
002345, 1.71
002397, 4.88
002419, 2.23
002470, 0.39
002531, 0.37
002556, 2.48
002563, 0.27
002570, 1.87
002654, 3.17
002692, 1.08
002770, 5.17
159901, 0
159919, 0
159922, 0
159927, 0
200012, 0.15
200022, 0.11
200539, 0.37
200613, 0.05
300028, 6.79
300039, 2.56
300079, 2.14
300132, 1.33
300135, 3.19
300146, 1.82
300170, 3.6
300189, 1.39
300251, 0.7
