600006, 1.05
600008, 1.14
600010, 0.88
600011, 0.17
600015, 0.15
600017, 1.32
600020, 1.04
600023, 0.27
600026, 1.07
600027, 0.78
600029, 1.18
600033, 1.83
600048, 0.35
600057, 0.77
600063, 2.54
600067, 0.56
600074, 1.08
600078, 1.76
600100, 1.01
600103, 4.02
600109, 0.88
600111, 0.82
600122, 2.39
600123, 1.72
600125, 5.19
600153, 0.9
600157, 0.49
600159, 1.2
600160, 3.49
600162, 0.77
600163, 2.33
600166, 1.17
600168, 1.22
600177, 0.4
600180, 0.46
600185, 0.37
600190, 0.4
600192, 2.19
600203, 1.0
600206, 3.28
600208, 0.17
600210, 0.95
600221, 0.78
600227, 3.47
600236, 0.21
600240, 0.46
600252, 1.21
600255, 1.86
600269, 1.02
600273, 1.61
600283, 2.16
600297, 2.6
600300, 1.04
600310, 0.91
600317, 0.31
600319, 1.61
600320, 0.7
600327, 1.95
600330, 1.49
600348, 1.56
600350, 0.3
600352, 0.89
600354, 2.67
600355, 2.34
600356, 1.71
600360, 1.11
600365, 2.04
600376, 0.43
600377, 0.11
600386, 1.12
600388, 1.29
600395, 1.22
600397, 1.61
600460, 0.64
600461, 2.25
600478, 0.55
600496, 3.9
600508, 0.93
600510, 1.26
600512, 2.68
600526, 2.1
600546, 0.4
600548, 0.22
600550, 1.11
600558, 2.9
600567, 4.34
600578, 0.25
600586, 4.13
600597, 0.4
600606, 1.85
600613, 2.07
600616, 2.35
600624, 1.26
600635, 1.35
600642, 0.44
600644, 1.65
600658, 0.38
600665, 1.18
600674, 0.48
600683, 0.37
600684, 1.51
600690, 0.76
600704, 5.91
600705, 0.52
600708, 0.92
600711, 9.57
600719, 1.82
600724, 1.3
600726, 0.47
600731, 2.45
600738, 1.2
600740, 2.48
600743, 0.9
600748, 0.61
600755, 1.94
600757, 0.66
600761, 1.85
600770, 0.71
600780, 0.85
600790, 1.72
600795, 0.68
600798, 1.27
600800, 2.62
600805, 1.12
600806, 0.65
600811, 0.87
600812, 0.77
600814, 4.97
600820, 1.05
600823, 0.46
600825, 0.49
600839, 1.39
600846, 0.98
600853, 3.77
600863, 0.56
600866, 0.73
600869, 0.55
600873, 1.39
600874, 0.79
600881, 3.79
600886, 0.55
600894, 0.6
600900, 0.18
600959, 0.98
600963, 2.13
600965, 0.45
600973, 13.3
600978, 0.77
600982, 3.79
600987, 0.66
601001, 1.07
601018, 0.32
601058, 2.85
601101, 0.56
601111, 0.48
601126, 2.79
601158, 0.29
601169, 0.12
601179, 0.3
601199, 1.07
601208, 1.27
601216, 0.34
601218, 1.0
601288, 0.07
601313, 0.63
601328, 0.16
601339, 0.33
601369, 0.46
601377, 0.67
601388, 7.66
601398, 0.02
601515, 0.17
601518, 0.67
601555, 1.44
601579, 1.24
601588, 0.61
601636, 2.86
601669, 0.71
601766, 0.45
601789, 2.15
601808, 0.18
601818, 0.13
601866, 0.54
601872, 0.88
601898, 0.22
601899, 0.79
601928, 0.37
601929, 0.51
601933, 1.97
601939, 0.5
601985, 1.61
601988, 0.07
601998, 0.06
603002, 1.13
603123, 1.03
603167, 1.34
603366, 0.61
603618, 3.45
900905, 0.09
000001, 0.2
000016, 1.11
000021, 0.55
000027, 0.28
000030, 0.6
000036, 2.36
000040, 0.46
000046, 0.11
000069, 0.45
000078, 1.73
000088, 0.33
000089, 0.32
000099, 1.27
000100, 1.08
000157, 1.9
000402, 0.41
000404, 2.08
000407, 5.21
000415, 0.76
000417, 2.63
000419, 2.07
000420, 3.78
000421, 1.48
000429, 1.25
000430, 1.2
000520, 2.03
000521, 1.58
000523, 2.35
000529, 1.09
000537, 1.71
000539, 0.25
000545, 6.61
000551, 1.49
000552, 1.38
000589, 3.21
000592, 1.55
000598, 3.13
000599, 9.33
000600, 0.76
000606, 1.52
000611, 2.22
000616, 0.68
000620, 0.31
000627, 1.1
000631, 0.81
000632, 8.31
000650, 1.61
000652, 0.97
000667, 0.69
000671, 0.51
000680, 5.75
000683, 3.49
000685, 0.65
000686, 1.65
000692, 3.06
000698, 8.22
000720, 1.41
000726, 1.23
000729, 0.35
000751, 4.47
000767, 0.58
000783, 0.55
000816, 3.2
000830, 1.16
000831, 1.51
000848, 0.65
000859, 2.0
000863, 0.65
000868, 2.51
000876, 0.46
000883, 0.26
000888, 0.63
000897, 2.62
000898, 0.45
000900, 1.49
000908, 3.71
000919, 1.04
000927, 0.95
000930, 8.81
000936, 0.94
000950, 0.31
000965, 4.28
000968, 0.7
000969, 1.03
000970, 2.27
000976, 1.08
000978, 0.93
002002, 1.6
002003, 0.73
002011, 0.54
002015, 0.98
002020, 3.53
002029, 0.5
002044, 0.32
002047, 2.54
002050, 0.49
002056, 1.26
002060, 1.79
002062, 1.94
002067, 6.13
002069, 0.49
002078, 1.68
002079, 1.7
002081, 0.49
002083, 0.75
002097, 2.15
002100, 1.19
002106, 1.63
002127, 0.37
002128, 0.95
002135, 0.89
002139, 1.45
002145, 11.38
002155, 6.65
002158, 0.55
002194, 0.99
002204, 1.82
002214, 1.58
002215, 1.92
002218, 0.79
002228, 1.47
002237, 3.39
002245, 2.32
002254, 1.28
002255, 4.97
002256, 2.21
002266, 0.93
002283, 0.79
002285, 0.95
002308, 0.56
002309, 1.29
002317, 2.26
002318, 1.55
002327, 0.9
002328, 2.02
002334, 1.63
002369, 0.89
002375, 0.38
002376, 1.45
002382, 0.65
002386, 3.62
002392, 2.39
002402, 0.97
002404, 1.54
002421, 1.83
002428, 4.08
002431, 3.31
002433, 4.63
002436, 6.13
002442, 0.46
002454, 0.72
002461, 1.25
002463, 0.64
002470, 0.72
002474, 1.62
002510, 2.62
002520, 0.6
002523, 1.04
002531, 0.48
002535, 7.43
002540, 0.65
002550, 2.08
002567, 0.88
002570, 1.13
002587, 3.39
002610, 1.94
002637, 2.51
002665, 0.3
002682, 1.35
002688, 0.62
002701, 0.97
159901, 0
159902, 0
159911, 0
159919, 0
159922, 0
159927, 0
200026, 0.31
200030, 0.19
200429, 0.32
200521, 0.2
200541, 0.11
200625, 0.47
200706, 0.09
300002, 1.22
300006, 2.45
300026, 1.51
300039, 3.63
300040, 2.66
300043, 0.94
300045, 3.02
300058, 0.79
300074, 2.2
300117, 0.84
300133, 3.49
300139, 1.09
300172, 5.04
300185, 2.69
300193, 1.84
300198, 4.23
300217, 0.81
300240, 1.51
300256, 3.19
300259, 0.79
300264, 1.7
300267, 0.25
300274, 0.71
300277, 2.77
300297, 0.87
300303, 2.33
300307, 0.61
300316, 0.89
