600004, 0.4
600012, 0.46
600015, 0.56
600031, 0.37
600057, 0.95
600063, 3.61
600067, 2.11
600078, 7.24
600082, 3.49
600086, 2.36
600106, 0.91
600141, 5.48
600156, 2.41
600162, 1.12
600186, 1.87
600199, 1.95
600207, 4.11
600208, 0.47
600219, 1.36
600222, 4.65
600235, 2.92
600251, 1.11
600252, 8.82
600261, 1.54
600281, 1.67
600285, 2.05
600288, 3.92
600290, 2.18
600311, 2.89
600327, 1.96
600354, 3.11
600362, 0.97
600377, 0.04
600393, 1.11
600398, 0.25
600405, 6.12
600429, 0.86
600438, 0.85
600439, 1.32
600467, 3.08
600470, 6.34
600478, 1.12
600481, 1.02
600509, 1.19
600530, 1.08
600540, 2.94
600546, 0.69
600555, 2.22
600575, 1.82
600595, 1.91
600597, 0.41
600628, 4.17
600635, 0.74
600655, 1.13
600664, 0.44
600695, 1.05
600717, 0.53
600723, 0.57
600724, 0.54
600738, 3.15
600744, 1.61
600747, 2.36
600751, 1.8
600757, 1.29
600761, 1.01
600792, 0.94
600802, 2.68
600807, 7.43
600810, 1.14
600812, 1.14
600819, 1.13
600824, 0.88
600827, 0.56
600828, 2.45
600841, 0.48
600851, 1.03
600858, 0.98
600860, 2.24
600862, 1.43
600864, 2.54
600866, 1.32
600882, 1.02
600891, 6.22
600967, 1.52
600973, 1.2
600987, 0.92
601009, 0.57
601010, 3.81
601058, 2.13
601113, 1.91
601116, 0.73
601169, 0.26
601233, 0.69
601328, 0.12
601377, 3.12
601616, 3.64
601636, 1.14
601886, 2.38
601899, 1.4
601901, 2.77
601908, 0.66
601928, 0.38
601939, 0.62
601958, 0.33
601992, 0.35
601996, 2.34
603123, 2.07
603333, 0.97
000012, 1.64
000060, 1.66
000153, 2.51
000166, 1.53
000401, 1.32
000417, 1.3
000422, 3.63
000428, 1.06
000506, 1.56
000507, 1.3
000510, 7.1
000516, 1.08
000523, 4.18
000530, 1.57
000537, 1.64
000543, 1.59
000546, 2.09
000551, 8.56
000552, 2.28
000557, 2.08
000572, 0.68
000601, 1.94
000619, 4.01
000632, 1.41
000650, 1.44
000672, 2.25
000680, 3.01
000702, 1.87
000703, 0.81
000708, 0.71
000713, 1.95
000718, 2.16
000737, 4.28
000750, 3.88
000751, 2.87
000753, 2.62
000783, 2.01
000788, 0.66
000789, 4.78
000793, 6.09
000822, 1.88
000825, 0.83
000830, 2.57
000850, 3.72
000856, 0.54
000859, 3.04
000868, 1.16
000876, 0.53
000893, 6.69
000899, 6.26
000903, 1.38
000931, 2.57
000932, 0.65
000937, 1.51
000939, 1.16
000976, 0.83
000981, 0.46
000982, 6.3
001896, 1.37
002002, 0.71
002004, 1.34
002012, 5.55
002019, 1.74
002021, 1.28
002024, 1.77
002028, 2.56
002047, 3.73
002069, 0.89
002083, 2.04
002092, 5.26
002109, 1.29
002126, 7.31
002139, 2.63
002145, 9.12
002146, 0.58
002157, 3.15
002162, 1.67
002168, 7.67
002191, 0.78
002195, 3.12
002203, 1.68
002214, 1.94
002216, 1.98
002220, 2.31
002233, 1.2
002237, 6.71
002255, 1.44
002277, 0.77
002302, 0.74
002305, 0.77
002328, 4.73
002334, 1.35
002336, 1.03
002337, 1.82
002345, 1.15
002351, 23.28
002363, 3.32
002369, 2.64
002378, 2.03
002388, 4.13
002392, 2.69
002398, 1.96
002404, 2.2
002419, 0.67
002420, 1.39
002451, 1.6
002453, 7.03
002457, 3.24
002461, 0.83
002469, 3.2
002481, 3.77
002482, 1.34
002496, 1.99
002520, 1.69
002521, 7.86
002523, 1.9
002534, 0.8
002535, 2.84
002556, 1.97
002560, 4.5
002570, 0.78
002583, 1.42
002598, 2.02
002607, 1.83
002628, 6.61
002693, 1.96
002697, 10.08
002770, 3.93
159919, 0
200017, 0.14
200429, 0.31
200613, 0.2
300083, 3.36
300086, 1.48
300092, 5.26
300105, 2.61
300126, 5.49
300135, 4.18
300147, 1.66
300206, 2.98
300217, 6.1
300255, 2.06
300283, 3.86
300301, 1.76
300305, 2.37
300390, 4.32
