600011, 0.13
600016, 0.16
600023, 0.87
600027, 0.25
600028, 0.17
600029, 1.37
600089, 0.82
600100, 1.41
600115, 1.27
600116, 2.56
600143, 2.4
600166, 2.18
600215, 2.67
600221, 0.69
600299, 1.17
600352, 0.63
600425, 1.63
600438, 0.81
600468, 0.41
600491, 1.59
600507, 0.53
600522, 1.48
600527, 1.05
600581, 1.05
600583, 0.7
600619, 2.06
600658, 0.98
600674, 0.22
600688, 0.77
600690, 0.36
600787, 1.41
600795, 0.81
600831, 0.75
600839, 2.16
600875, 1.56
600886, 0.63
600959, 0.57
601006, 0.22
601106, 1.19
601107, 0.81
601111, 0.43
601117, 0.69
601158, 0.35
601288, 0.06
601333, 0.93
601398, 0.04
601718, 2.29
601857, 0.02
601886, 0.37
601890, 1.39
601919, 0.56
601933, 0.98
601939, 0.98
601985, 1.91
601988, 0.09
601991, 0.14
000016, 7.32
000021, 1.12
000027, 0.29
000035, 1.45
000153, 1.53
000507, 0.64
000539, 0.23
000600, 0.66
000656, 1.87
000709, 1.32
000761, 1.11
000778, 2.28
000816, 2.76
000833, 3.5
000875, 3.54
000876, 0.51
000897, 0.92
000927, 0.78
000981, 0.34
002024, 3.41
002028, 1.23
002105, 3.13
002176, 5.62
002178, 2.49
002244, 0.44
002263, 2.17
002264, 7.79
002318, 0.98
002327, 3.73
002336, 0.94
002345, 1.99
002385, 1.15
002397, 2.09
002556, 3.54
002563, 0.12
002570, 1.1
002622, 4.4
159919, 0
159927, 0
200022, 0.05
200539, 0.15
300170, 4.27
300197, 2.33
300251, 0.96
