600004, 0.33
600008, 0.56
600011, 0.1
600015, 0.32
600018, 0.13
600020, 2.98
600023, 0.47
600026, 1.67
600027, 0.35
600033, 1.1
600039, 2.03
600048, 0.31
600098, 0.68
600122, 0.94
600127, 9.1
600135, 0.98
600160, 1.23
600166, 1.8
600169, 3.97
600170, 1.36
600176, 2.61
600177, 0.45
600192, 2.26
600199, 7.89
600208, 0.26
600219, 2.01
600221, 1.23
600231, 8.38
600252, 1.28
600267, 0.52
600269, 1.07
600295, 1.47
600297, 1.91
600300, 1.23
600308, 2.52
600319, 1.41
600325, 0.96
600327, 1.84
600331, 10.19
600335, 0.77
600348, 2.42
600352, 1.39
600368, 3.19
600395, 1.22
600399, 2.79
600409, 1.17
600418, 1.54
600481, 0.53
600489, 1.24
600495, 2.65
600496, 1.56
600502, 4.19
600508, 1.84
600512, 2.46
600522, 1.43
600537, 1.61
600548, 0.13
600550, 1.18
600569, 4.24
600578, 0.28
600582, 1.63
600583, 0.89
600595, 2.21
600642, 0.89
600674, 0.49
600704, 6.29
600705, 0.51
600713, 1.6
600719, 2.06
600743, 0.35
600839, 1.73
600872, 0.62
600873, 1.03
600886, 0.83
600900, 0.2
600963, 0.89
600967, 2.79
600997, 1.91
601007, 4.7
601009, 1.24
601011, 3.02
601018, 0.32
601058, 0.94
601117, 1.73
601118, 2.49
601158, 0.19
601179, 0.79
601186, 0.89
601225, 0.47
601288, 0.06
601328, 0.16
601377, 0.7
601398, 0.03
601588, 0.9
601618, 0.87
601766, 0.85
601818, 0.22
601872, 1.28
601898, 0.39
601899, 1.47
601901, 1.24
601939, 0.73
601988, 0.08
601989, 1.13
601991, 0.14
603126, 6.47
603366, 0.62
603993, 2.38
900905, 0.13
000012, 3.99
000037, 0.76
000055, 1.05
000416, 1.39
000426, 2.78
000428, 3.7
000429, 1.86
000498, 8.21
000520, 3.69
000539, 0.24
000554, 4.63
000566, 0.46
000572, 1.97
000589, 2.63
000599, 5.99
000600, 0.55
000611, 1.42
000612, 2.33
000630, 3.82
000636, 2.24
000680, 5.02
000688, 2.95
000708, 1.63
000709, 1.34
000719, 2.04
000729, 0.55
000739, 0.96
000751, 5.02
000761, 1.05
000786, 2.09
000852, 0.91
000868, 2.11
000883, 0.3
000897, 3.08
000900, 1.48
000927, 1.3
000931, 2.21
000960, 2.73
000965, 1.11
000967, 1.33
000968, 0.62
000983, 2.03
001896, 5.05
002028, 1.17
002081, 0.72
002106, 1.08
002109, 2.35
002128, 1.84
002145, 2.76
002178, 0.93
002198, 3.45
002204, 1.37
002214, 0.97
002219, 1.62
002236, 0.75
002244, 0.58
002254, 1.25
002255, 2.42
002367, 0.68
002376, 1.35
002423, 0.68
002461, 1.37
002523, 1.17
002535, 2.27
002539, 1.13
002648, 0.9
002677, 1.01
200037, 0.07
200055, 0.26
200488, 0.45
300006, 0.76
300091, 0.85
300152, 4.43
300219, 1.51
300267, 0.28
300303, 1.63
300337, 0.27
