600011, 0.15
600015, 0.69
600017, 1.28
600018, 0.22
600019, 0.6
600020, 1.03
600023, 2.0
600028, 0.19
600029, 1.66
600033, 0.65
600039, 0.79
600048, 0.45
600057, 0.72
600067, 1.13
600068, 3.83
600089, 1.66
600090, 1.19
600091, 0.74
600095, 3.76
600101, 5.14
600106, 1.14
600108, 1.54
600133, 2.55
600157, 3.06
600159, 1.56
600162, 0.99
600165, 0.7
600166, 2.73
600169, 2.27
600170, 1.92
600175, 3.7
600190, 0.64
600192, 3.7
600193, 3.09
600199, 2.1
600208, 0.75
600210, 1.75
600220, 1.57
600221, 0.81
600229, 1.55
600232, 1.68
600239, 0.79
600240, 2.1
600243, 2.36
600249, 2.31
600251, 1.23
600256, 1.1
600266, 1.24
600269, 0.71
600273, 2.75
600277, 0.89
600279, 1.59
600281, 1.35
600284, 1.23
600285, 2.66
600292, 1.25
600311, 1.98
600313, 1.23
600317, 0.25
600320, 0.6
600327, 2.42
600333, 2.18
600350, 0.24
600351, 2.22
600359, 2.26
600361, 1.95
600365, 2.74
600369, 1.19
600376, 0.43
600383, 0.15
600387, 1.41
600388, 1.17
600397, 1.29
600403, 0.36
600416, 1.18
600425, 1.34
600426, 1.12
600429, 0.6
600438, 0.51
600448, 2.97
600449, 2.63
600460, 1.17
600466, 2.86
600483, 3.43
600495, 3.32
600499, 2.57
600515, 0.94
600527, 2.62
600533, 2.99
600538, 3.4
600540, 2.07
600546, 0.43
600548, 0.14
600567, 0.57
600569, 1.52
600578, 0.36
600581, 1.39
600582, 0.7
600583, 1.33
600586, 1.32
600598, 0.78
600609, 1.24
600614, 1.18
600616, 1.44
600617, 1.75
600618, 1.03
600624, 1.69
600635, 1.04
600642, 0.48
600643, 1.55
600644, 2.33
600665, 2.41
600667, 8.43
600674, 0.29
600676, 1.07
600683, 0.6
600684, 2.27
600691, 2.32
600708, 1.9
600719, 2.91
600720, 1.55
600723, 0.45
600724, 1.05
600731, 3.92
600738, 1.78
600744, 1.51
600757, 1.08
600759, 3.58
600780, 0.54
600791, 2.19
600792, 1.31
600795, 2.24
600801, 1.75
600802, 2.84
600805, 1.01
600811, 1.03
600812, 1.73
600814, 2.93
600815, 0.99
600819, 0.95
600820, 1.34
600823, 0.4
600824, 1.35
600827, 1.53
600830, 3.95
600831, 0.87
600841, 0.79
600846, 2.73
600854, 1.42
600858, 1.2
600863, 0.87
600864, 3.25
600865, 2.82
600871, 7.86
600873, 4.16
600875, 1.1
600880, 1.87
600881, 3.75
600882, 1.5
600888, 2.12
600889, 1.93
600959, 1.22
600960, 1.3
600966, 1.76
600973, 1.09
600978, 1.39
600981, 2.17
600982, 2.41
600987, 1.37
600995, 2.94
601000, 0.6
601002, 2.97
601003, 2.44
601006, 0.21
601007, 2.42
601009, 1.38
601018, 0.31
601107, 0.73
601111, 0.45
601113, 1.05
601117, 0.99
601126, 2.03
601139, 0.12
601169, 0.31
601179, 0.93
601188, 0.69
601226, 3.4
601288, 0.07
601313, 1.3
601328, 0.4
601333, 0.39
601339, 0.56
601368, 6.14
601388, 1.91
601518, 3.58
601519, 1.04
601588, 0.46
601599, 1.84
601600, 1.64
601666, 1.61
601777, 1.03
601808, 0.73
601818, 0.47
601857, 0.08
601872, 0.9
601886, 1.47
601908, 3.4
601928, 0.58
601929, 1.07
601933, 0.6
601939, 0.99
601985, 2.51
601996, 1.84
601998, 0.19
603002, 1.65
603015, 15.47
603167, 1.8
603227, 6.78
603609, 0.79
603993, 0.84
000001, 0.81
000005, 2.09
000017, 4.45
000027, 0.78
000061, 0.78
000069, 0.64
000088, 0.37
000157, 0.75
000159, 2.54
000166, 1.26
000402, 1.28
000407, 1.95
000417, 4.11
000419, 2.66
000425, 1.35
000428, 0.84
000430, 3.31
000488, 1.88
000507, 1.37
000530, 2.08
000539, 0.43
000543, 1.39
000545, 2.07
000548, 2.95
000552, 2.75
000557, 1.3
000572, 0.99
000598, 1.54
000616, 1.32
000619, 1.83
000632, 2.16
000636, 2.13
000637, 4.56
000650, 1.27
000663, 3.45
000671, 0.91
000672, 1.6
000673, 3.23
000677, 5.48
000685, 3.8
000690, 0.53
000692, 3.02
000698, 3.63
000700, 1.1
000703, 1.94
000708, 1.88
000713, 1.47
000726, 1.36
000735, 1.89
000753, 1.96
000759, 1.44
000761, 0.64
000767, 0.84
000778, 1.74
000786, 0.8
000793, 1.47
000809, 2.74
000816, 1.67
000825, 0.98
000828, 0.54
000833, 6.98
000862, 1.05
000868, 1.58
000877, 2.59
000883, 0.4
000898, 0.38
000900, 0.77
000903, 1.29
000906, 0.97
000926, 1.45
000931, 1.5
000949, 6.21
000950, 0.61
000966, 0.88
000978, 2.34
001896, 2.29
002004, 1.03
002005, 1.96
002011, 1.15
002018, 1.0
002026, 1.9
002029, 2.38
002031, 1.42
002046, 1.19
002047, 2.49
002063, 4.79
002064, 4.93
002067, 1.92
002069, 0.65
002084, 3.0
002087, 3.11
002097, 3.88
002109, 1.24
002116, 0.73
002158, 0.97
002162, 1.72
002163, 1.72
002187, 1.53
002191, 0.67
002204, 2.16
002214, 1.66
002225, 1.05
002232, 1.43
002263, 1.86
002269, 2.06
002274, 1.96
002307, 2.83
002321, 2.26
002327, 1.28
002336, 1.18
002340, 1.81
002363, 2.12
002369, 2.03
002397, 1.67
002419, 0.91
002429, 1.58
002441, 1.32
002447, 2.71
002457, 3.61
002487, 1.38
002498, 0.76
002500, 1.2
002504, 3.03
002505, 1.3
002506, 1.11
002521, 5.14
002528, 1.48
002533, 1.19
002556, 2.61
002561, 1.27
002563, 0.42
002570, 0.68
002579, 1.49
002585, 2.44
002613, 8.7
002638, 1.38
002641, 0.49
002666, 2.58
002671, 2.07
002689, 0.73
159901, 0
159909, 0
159919, 0
159922, 0
159927, 0
200017, 0.16
200019, 0.44
200022, 0.12
200037, 0.67
200539, 0.46
300006, 2.82
300022, 3.5
300040, 5.81
300079, 1.72
300084, 5.4
300087, 1.15
300094, 2.82
300107, 2.41
300117, 2.12
300135, 3.82
300146, 1.21
300147, 1.85
300154, 1.31
300193, 3.15
300214, 2.97
300217, 3.58
300251, 0.62
300255, 2.75
300259, 1.67
300289, 1.55
300301, 5.94
300305, 3.07
300315, 4.61
300328, 1.36
