600004, 0.39
600015, 0.49
600031, 0.3
600033, 0.82
600057, 0.96
600063, 1.86
600067, 1.48
600078, 7.22
600080, 1.63
600082, 1.65
600086, 1.06
600096, 1.28
600111, 1.18
600141, 6.59
600143, 0.92
600156, 0.98
600157, 1.53
600162, 0.59
600193, 2.17
600207, 1.36
600208, 0.4
600218, 3.14
600222, 5.64
600225, 3.37
600235, 2.45
600252, 4.39
600261, 0.92
600267, 0.87
600285, 2.16
600311, 1.82
600354, 2.93
600356, 0.86
600393, 1.12
600397, 3.27
600398, 0.31
600405, 2.42
600425, 1.4
600429, 0.35
600438, 1.0
600439, 1.25
600449, 1.72
600467, 10.12
600469, 0.55
600470, 9.14
600481, 0.74
600497, 4.63
600509, 1.44
600531, 3.2
600533, 0.89
600540, 2.17
600567, 2.05
600575, 0.67
600595, 3.15
600597, 0.58
600610, 4.69
600616, 2.7
600642, 0.16
600655, 0.58
600664, 0.31
600676, 0.48
600683, 0.7
600711, 2.91
600712, 3.07
600720, 2.83
600723, 0.54
600727, 3.15
600731, 2.79
600738, 1.52
600744, 1.46
600757, 1.68
600761, 0.79
600784, 9.23
600790, 1.26
600791, 1.17
600805, 0.72
600810, 0.86
600812, 0.38
600819, 2.27
600824, 0.62
600827, 0.45
600828, 1.75
600854, 1.91
600858, 0.49
600860, 2.69
600864, 1.15
600881, 0.84
600882, 1.11
600888, 2.75
600889, 1.81
600891, 2.87
600966, 2.2
600975, 12.23
600981, 2.4
600982, 2.59
601009, 0.45
601010, 2.64
601107, 0.36
601113, 0.94
601126, 0.73
601139, 0.18
601168, 2.63
601169, 0.24
601328, 0.07
601368, 2.68
601377, 0.82
601515, 0.54
601636, 2.8
601717, 1.78
601777, 0.92
601818, 0.14
601886, 0.8
601899, 0.87
601901, 0.99
601908, 0.35
601928, 0.42
601939, 0.55
601958, 0.69
603002, 2.42
603015, 7.42
603333, 1.3
603969, 4.75
000060, 3.93
000166, 0.46
000301, 0.95
000401, 2.74
000417, 0.94
000514, 1.01
000523, 1.84
000530, 1.54
000537, 2.26
000545, 2.1
000551, 3.75
000557, 3.61
000601, 0.83
000619, 1.97
000650, 0.93
000672, 1.49
000713, 2.56
000737, 2.44
000750, 1.29
000751, 7.29
000753, 2.35
000756, 2.22
000759, 0.29
000782, 3.47
000783, 1.49
000788, 0.43
000789, 4.03
000793, 1.37
000822, 4.03
000830, 4.16
000831, 1.87
000850, 1.49
000856, 0.61
000859, 2.22
000868, 2.09
000906, 0.89
000931, 1.14
000937, 5.53
000969, 5.41
000978, 1.42
000981, 0.37
002021, 1.79
002028, 3.31
002047, 2.42
002068, 1.85
002086, 1.03
002097, 2.0
002109, 1.59
002145, 4.23
002146, 0.85
002166, 2.9
002187, 0.65
002191, 0.57
002195, 1.64
002203, 1.81
002214, 1.49
002215, 1.68
002216, 0.86
002258, 3.33
002291, 4.77
002302, 1.49
002328, 4.87
002334, 3.09
002337, 3.97
002345, 1.44
002351, 8.42
002363, 1.32
002369, 2.62
002378, 3.32
002388, 1.37
002392, 4.32
002397, 1.01
002398, 1.33
002404, 1.88
002419, 0.73
002420, 1.27
002451, 1.66
002453, 2.47
002457, 3.2
002461, 0.54
002469, 3.42
002481, 1.32
002484, 1.41
002500, 2.54
002520, 0.68
002521, 1.48
002523, 4.33
002531, 1.71
002535, 7.25
002540, 1.4
002561, 0.57
002598, 2.04
002604, 5.88
002607, 2.84
002628, 6.46
002641, 0.46
002770, 1.87
200017, 0.16
200019, 1.93
200613, 0.11
300083, 4.46
300147, 0.86
300169, 4.25
300181, 11.87
300211, 3.12
300217, 3.5
300247, 5.66
300255, 2.65
300283, 1.78
300303, 3.38
300305, 2.55
300345, 9.97
300390, 7.31
