600018, 0.47
600031, 0.63
600068, 1.41
600073, 6.65
600082, 2.05
600094, 2.22
600095, 3.02
600112, 5.64
600125, 1.81
600127, 5.09
600143, 1.24
600159, 2.26
600170, 2.16
600175, 2.78
600177, 2.95
600183, 2.36
600215, 3.72
600227, 2.69
600237, 7.4
600239, 3.93
600248, 1.32
600249, 3.26
600261, 0.98
600279, 4.17
600281, 1.78
600284, 2.44
600288, 4.91
600289, 5.46
600295, 2.1
600302, 3.11
600327, 1.63
600335, 1.79
600336, 5.62
600337, 0.91
600346, 2.24
600355, 8.22
600356, 2.68
600368, 1.53
600396, 7.42
600415, 0.79
600416, 4.94
600462, 3.35
600565, 4.36
600586, 2.74
600598, 1.23
600601, 3.48
600611, 5.89
600613, 1.34
600628, 5.05
600674, 1.42
600676, 4.85
600695, 2.59
600713, 2.31
600717, 3.62
600722, 2.75
600723, 1.2
600724, 1.03
600730, 6.18
600759, 1.43
600760, 2.24
600776, 2.82
600780, 0.87
600792, 1.76
600794, 2.27
600810, 2.29
600812, 0.97
600814, 3.46
600819, 3.65
600820, 3.48
600824, 2.65
600825, 2.18
600827, 1.53
600830, 5.75
600834, 5.02
600853, 2.51
600886, 2.75
600894, 1.67
600995, 2.61
601000, 1.52
601007, 2.56
601016, 2.6
601158, 0.33
601177, 1.71
601218, 2.44
601233, 2.12
601333, 0.74
601668, 0.84
601818, 0.22
601880, 2.07
601886, 2.2
601988, 0.07
603077, 1.23
603333, 1.34
603366, 1.16
000001, 0.56
000010, 4.33
000011, 12.49
000016, 4.41
000026, 3.0
000045, 3.8
000063, 1.66
000089, 1.32
000100, 1.28
000153, 3.24
000158, 2.44
000338, 2.44
000402, 0.85
000404, 5.01
000417, 2.49
000430, 4.47
000514, 2.54
000525, 1.85
000533, 2.29
000541, 4.22
000570, 4.72
000573, 3.63
000591, 3.28
000592, 4.76
000597, 1.98
000599, 5.76
000600, 1.32
000611, 2.36
000663, 5.4
000677, 3.17
000678, 2.62
000722, 2.07
000753, 2.36
000812, 3.69
000828, 1.1
000837, 4.77
000862, 4.71
000875, 4.43
000890, 4.83
000898, 0.68
000908, 2.82
000912, 4.8
000926, 5.13
000928, 5.23
000969, 5.07
002011, 1.96
002028, 3.29
002084, 10.35
002093, 4.11
002106, 6.37
002122, 0.96
002132, 4.67
002133, 6.03
002162, 4.22
002163, 3.89
002195, 6.87
002225, 3.0
002251, 2.18
002264, 3.03
002302, 0.92
002307, 3.12
002374, 4.65
002388, 5.51
002392, 10.04
002404, 5.7
002408, 2.02
002420, 1.97
002423, 1.82
002442, 2.78
002449, 6.52
002457, 8.88
002476, 3.63
002478, 2.04
002480, 1.96
002493, 0.33
002583, 1.96
002648, 1.91
002678, 0.82
002700, 2.21
159909, 0
200011, 0.79
200012, 0.55
200026, 0.63
200030, 0.84
200054, 0.25
200058, 0.79
200429, 0.79
200468, 0.75
200488, 0.75
200541, 1.07
200771, 0.59
300029, 6.67
300107, 3.13
300120, 5.65
300129, 3.73
300137, 6.78
300152, 9.41
300206, 7.54
