600004, 0.42
600011, 0.16
600012, 1.0
600029, 1.31
600031, 0.34
600039, 0.92
600048, 0.95
600052, 1.79
600067, 0.97
600068, 0.93
600078, 2.71
600089, 0.63
600094, 1.12
600099, 2.28
600108, 1.93
600112, 5.74
600121, 0.91
600123, 2.58
600130, 4.9
600133, 1.63
600143, 0.76
600152, 5.83
600159, 1.33
600163, 1.41
600202, 1.7
600207, 1.93
600208, 0.31
600210, 3.76
600213, 2.41
600217, 1.11
600220, 3.54
600222, 1.93
600225, 0.97
600239, 1.76
600246, 0.48
600255, 4.31
600261, 0.52
600267, 1.69
600268, 1.3
600269, 0.74
600275, 3.1
600280, 1.17
600281, 2.02
600287, 1.62
600288, 3.56
600302, 1.96
600320, 0.41
600323, 1.37
600327, 3.7
600336, 2.61
600353, 2.0
600354, 4.06
600361, 0.55
600368, 0.9
600375, 1.25
600376, 0.66
600380, 1.93
600388, 1.24
600396, 1.18
600397, 2.03
600405, 4.37
600448, 2.71
600449, 1.42
600461, 1.21
600483, 1.72
600487, 1.18
600488, 1.58
600495, 2.14
600496, 1.16
600503, 6.53
600505, 0.9
600508, 0.81
600509, 0.62
600512, 4.05
600516, 4.97
600561, 1.78
600580, 1.72
600598, 1.65
600609, 1.83
600617, 3.24
600621, 1.56
600624, 3.52
600642, 0.22
600644, 1.63
600658, 0.51
600683, 0.59
600684, 1.65
600708, 1.18
600716, 2.02
600720, 1.23
600723, 0.5
600727, 1.81
600736, 0.9
600740, 4.05
600755, 1.27
600758, 12.25
600760, 1.68
600761, 0.89
600791, 2.06
600802, 2.24
600810, 0.94
600824, 2.77
600830, 2.14
600831, 1.84
600838, 2.68
600846, 5.31
600853, 2.05
600858, 0.63
600860, 4.91
600865, 2.5
600874, 0.71
600888, 4.41
600890, 1.38
600900, 0.15
600917, 4.03
600963, 1.53
600971, 2.86
600979, 1.01
600981, 3.36
600992, 1.77
601011, 6.12
601028, 1.21
601038, 1.81
601058, 1.25
601088, 0.09
601117, 0.28
601126, 0.8
601139, 0.21
601188, 0.88
601208, 1.87
601216, 0.41
601218, 1.26
601226, 2.64
601288, 0.05
601328, 0.24
601339, 0.43
601369, 0.43
601398, 0.04
601519, 1.0
601588, 0.98
601666, 0.73
601678, 1.15
601700, 0.84
601818, 0.21
601880, 1.12
601899, 5.9
603077, 0.63
603111, 1.6
603123, 2.63
603126, 9.36
603167, 1.87
603169, 1.89
603333, 0.69
603366, 0.73
900905, 0.96
900929, 0.74
000009, 7.43
000012, 1.44
000029, 2.61
000030, 0.56
000039, 1.23
000040, 1.28
000058, 2.63
000063, 0.94
000088, 0.58
000089, 0.48
000157, 0.46
000301, 1.12
000338, 0.85
000417, 1.15
000422, 1.54
000428, 2.94
000430, 1.91
000507, 2.77
000510, 2.9
000514, 1.77
000521, 2.02
000548, 4.68
000564, 1.63
000589, 1.7
000599, 2.22
000616, 1.42
000627, 2.72
000637, 4.13
000656, 0.96
000682, 1.56
000692, 1.33
000707, 2.63
000715, 0.81
000721, 2.07
000722, 4.12
000723, 5.35
000726, 1.58
000731, 1.8
000735, 2.72
000739, 2.46
000753, 1.65
000756, 2.44
000782, 14.67
000785, 4.8
000786, 0.96
000788, 1.08
000789, 2.21
000790, 2.54
000816, 6.98
000822, 1.02
000825, 0.58
000837, 2.36
000850, 2.31
000856, 0.68
000877, 1.33
000888, 1.25
000905, 1.1
000918, 0.91
000930, 3.35
000949, 2.23
000951, 0.82
000993, 3.28
001896, 1.55
002005, 1.91
002015, 2.2
002021, 2.33
002028, 2.16
002029, 1.22
002033, 2.19
002060, 2.13
002062, 1.72
002064, 0.83
002083, 1.19
002092, 5.63
002109, 1.0
002128, 1.94
002132, 1.98
002163, 2.11
002168, 2.5
002177, 5.32
002187, 1.13
002220, 2.83
002225, 1.15
002267, 1.09
002277, 2.05
002282, 3.2
002285, 1.02
002302, 1.01
002307, 1.57
002327, 3.36
002330, 3.0
002336, 0.7
002337, 1.53
002342, 1.41
002344, 0.91
002381, 3.19
002386, 2.85
002391, 1.8
002420, 1.63
002429, 1.74
002433, 3.57
002461, 0.79
002470, 0.49
002471, 3.95
002489, 1.56
002528, 3.6
002538, 1.43
002559, 2.24
002563, 0.13
002575, 1.82
002593, 1.98
002628, 1.97
002648, 0.62
002689, 1.2
002693, 1.71
002697, 2.2
002700, 1.43
002701, 1.12
159901, 0
159902, 0
159909, 0
159911, 0
159919, 0
159922, 0
159927, 0
200011, 0.16
200012, 0.17
200026, 0.18
200029, 0.29
200030, 0.54
200058, 0.15
200413, 0.77
200468, 0.07
200488, 0.1
200512, 0.09
200521, 0.08
200530, 0.35
200706, 0.03
300039, 3.04
300064, 3.6
300090, 2.12
300105, 1.86
300107, 2.49
300129, 2.75
300164, 2.38
300181, 4.03
300214, 2.32
300247, 6.68
300255, 1.05
300301, 2.29
