600005, 0.77
600011, 0.09
600015, 0.24
600018, 0.06
600019, 0.5
600023, 0.4
600026, 0.56
600028, 0.23
600029, 0.51
600031, 0.46
600089, 0.46
600160, 1.03
600166, 0.77
600170, 0.41
600221, 0.4
600236, 0.35
600252, 0.9
600261, 0.47
600299, 0.83
600326, 10.83
600350, 0.17
600377, 0.08
600418, 0.66
600428, 0.98
600481, 0.47
600489, 1.07
600512, 3.4
600522, 0.93
600569, 1.92
600578, 0.14
600583, 0.49
600642, 0.19
600664, 0.36
600674, 0.31
600688, 0.88
600704, 2.03
600795, 0.45
600808, 1.2
600820, 0.55
600839, 1.14
600858, 1.26
600873, 1.23
600886, 0.47
600961, 1.41
601009, 0.74
601018, 0.14
601111, 0.13
601117, 0.41
601158, 0.07
601179, 0.16
601225, 1.84
601398, 0.04
601588, 0.32
601600, 0.87
601633, 0.38
601636, 1.56
601857, 0.04
601933, 0.4
601939, 0.85
601998, 0.08
900905, 0.21
000338, 1.4
000416, 2.76
000428, 1.82
000429, 0.92
000488, 4.85
000498, 1.77
000528, 1.84
000557, 8.09
000572, 0.86
000599, 3.6
000709, 1.75
000725, 1.45
000739, 0.49
000877, 12.2
000897, 1.15
000900, 0.77
000921, 0.59
002068, 5.62
002078, 1.24
002198, 0.92
002236, 0.86
002255, 2.21
002258, 0.86
002307, 12.66
002376, 0.62
002430, 0.47
002453, 1.42
002535, 2.53
002539, 1.0
002648, 0.47
200037, 0.61
200055, 0.14
200429, 0.17
200488, 0.57
