600028, 0.08
600051, 2.01
600080, 3.81
600093, 2.12
600095, 3.22
600098, 1.09
600099, 9.97
600112, 1.64
600121, 1.66
600159, 1.13
600202, 1.11
600210, 1.22
600218, 2.3
600222, 1.58
600237, 2.9
600243, 0.9
600247, 1.64
600248, 6.59
600257, 2.99
600267, 0.33
600268, 1.63
600269, 0.35
600273, 2.84
600275, 6.19
600280, 1.11
600283, 4.23
600290, 1.22
600292, 2.7
600300, 2.27
600302, 1.71
600313, 1.12
600325, 2.22
600331, 5.45
600350, 0.19
600354, 2.9
600355, 2.52
600361, 0.69
600369, 0.6
600388, 1.7
600390, 0.83
600415, 0.64
600416, 0.99
600426, 0.28
600448, 3.83
600460, 0.87
600463, 1.64
600483, 1.32
600493, 1.16
600507, 0.96
600508, 1.28
600510, 0.83
600550, 0.35
600558, 1.14
600561, 2.73
600567, 2.14
600572, 0.57
600573, 1.6
600579, 0.81
600603, 1.01
600608, 1.06
600609, 2.9
600644, 1.62
600664, 0.18
600665, 0.66
600704, 3.87
600714, 1.73
600719, 1.29
600722, 0.53
600727, 1.35
600744, 5.89
600789, 5.84
600790, 1.28
600791, 1.03
600798, 1.25
600806, 1.74
600811, 1.5
600815, 1.04
600823, 0.52
600828, 0.93
600844, 1.73
600857, 1.03
600888, 2.7
600960, 0.71
600966, 1.95
600978, 3.37
600979, 0.57
600982, 1.54
600984, 1.15
600992, 1.24
601002, 1.19
601018, 0.26
601038, 1.78
601116, 0.33
601126, 2.02
601169, 0.32
601188, 0.51
601199, 1.35
601218, 1.35
601231, 0.71
601333, 0.25
601368, 0.9
601398, 0.03
601618, 0.38
601668, 0.32
601678, 1.3
601700, 0.3
601857, 0.01
601886, 0.56
601901, 1.38
601928, 0.54
601988, 0.06
603300, 1.91
603333, 1.06
603369, 0.51
603969, 2.43
000001, 0.32
000026, 0.85
000027, 0.24
000058, 7.86
000068, 1.68
000301, 0.75
000416, 4.16
000421, 1.19
000518, 0.96
000551, 1.97
000554, 3.93
000572, 1.13
000589, 1.63
000598, 1.01
000601, 1.79
000606, 0.86
000607, 2.05
000608, 3.47
000609, 2.49
000632, 1.49
000635, 1.06
000637, 20.68
000655, 6.17
000671, 0.45
000680, 1.46
000683, 6.23
000686, 1.48
000691, 1.55
000692, 4.28
000702, 1.44
000703, 0.59
000705, 3.31
000707, 4.99
000731, 1.71
000737, 1.87
000789, 1.75
000823, 8.42
000856, 2.09
000859, 1.88
000880, 2.76
000900, 0.76
000912, 0.9
000919, 0.55
000931, 1.94
000955, 2.28
000976, 1.48
000978, 0.8
000993, 1.78
001896, 0.97
002011, 0.48
002042, 0.96
002044, 1.09
002069, 0.49
002078, 3.77
002083, 0.93
002097, 0.83
002100, 0.66
002105, 1.34
002109, 1.3
002116, 1.05
002122, 0.48
002140, 0.37
002150, 0.74
002158, 0.87
002165, 2.0
002166, 3.11
002177, 1.6
002221, 1.13
002231, 1.78
002272, 2.03
002286, 7.86
002300, 0.63
002307, 4.71
002312, 2.01
002331, 2.95
002336, 0.52
002337, 2.42
002344, 1.02
002348, 1.33
002376, 2.07
002404, 5.18
002408, 0.64
002420, 1.03
002423, 1.34
002429, 0.85
002431, 6.55
002433, 1.35
002449, 3.81
002503, 0.21
002520, 1.16
002521, 2.52
002540, 2.67
002542, 0.55
002545, 1.54
002552, 1.59
002560, 4.54
002562, 2.42
002585, 2.14
002586, 0.93
002587, 5.82
002644, 1.33
002651, 7.66
002687, 1.73
002700, 0.86
002701, 2.33
002740, 1.51
159927, 0
200011, 0.12
200022, 0.1
200030, 0.35
200058, 1.21
200488, 0.2
200570, 0.08
200706, 0.04
200992, 0.1
300012, 1.03
300022, 2.38
300029, 1.35
300039, 1.28
300074, 2.03
300082, 1.37
300086, 1.01
300098, 1.62
300102, 3.61
300105, 4.05
300107, 2.71
300108, 0.96
300126, 3.76
300129, 2.18
300139, 7.4
300151, 2.26
300155, 2.29
300164, 1.55
300169, 2.37
300172, 3.22
300187, 1.3
300192, 3.49
300214, 2.54
300217, 2.0
300240, 2.03
300255, 0.53
300259, 2.12
300263, 1.22
300283, 1.96
300287, 1.46
300305, 2.43
