600004, 0.39
600011, 0.14
600029, 1.25
600031, 0.26
600039, 0.48
600048, 0.95
600052, 3.34
600064, 0.65
600067, 1.15
600068, 1.04
600078, 1.77
600089, 0.49
600108, 1.65
600121, 0.91
600123, 1.39
600130, 4.18
600133, 1.08
600143, 0.51
600152, 3.22
600163, 0.81
600202, 1.14
600208, 0.31
600210, 2.16
600213, 1.67
600220, 1.9
600222, 1.17
600239, 1.31
600246, 0.38
600255, 2.63
600261, 0.46
600267, 0.8
600268, 0.91
600269, 0.46
600273, 2.86
600275, 1.14
600280, 0.61
600281, 1.23
600287, 1.19
600288, 2.29
600323, 0.9
600336, 2.04
600337, 0.72
600353, 3.37
600354, 2.29
600361, 0.87
600368, 1.14
600375, 1.05
600376, 0.5
600380, 1.17
600387, 1.17
600388, 0.87
600396, 0.84
600397, 1.32
600405, 4.51
600448, 1.82
600449, 0.73
600461, 0.94
600466, 1.37
600483, 3.57
600487, 0.88
600488, 0.62
600495, 1.78
600496, 0.98
600503, 4.0
600505, 0.64
600508, 0.76
600509, 0.71
600512, 3.15
600515, 2.04
600516, 2.45
600580, 1.72
600598, 1.08
600602, 2.0
600608, 0.59
600609, 0.93
600624, 3.85
600644, 12.57
600683, 0.3
600684, 1.41
600708, 0.77
600716, 0.93
600719, 2.54
600720, 0.78
600723, 0.44
600727, 1.94
600731, 1.92
600736, 0.89
600755, 1.37
600758, 5.48
600760, 2.75
600791, 1.64
600810, 0.79
600830, 2.29
600831, 1.0
600838, 1.49
600846, 2.91
600853, 1.34
600858, 0.79
600860, 2.43
600865, 2.05
600888, 1.97
600900, 0.11
600963, 1.11
600969, 1.18
600979, 0.58
600981, 3.05
600982, 1.27
601011, 3.57
601028, 1.58
601038, 1.81
601088, 0.06
601117, 0.24
601126, 0.95
601177, 1.02
601188, 0.52
601208, 1.19
601216, 0.32
601218, 0.88
601288, 0.03
601328, 0.11
601339, 0.31
601369, 0.39
601398, 0.04
601588, 0.61
601666, 0.58
601678, 0.75
601818, 0.14
601880, 1.39
601899, 5.9
603077, 0.8
603111, 0.91
603123, 3.25
603169, 1.86
900905, 0.45
900929, 0.22
000009, 3.81
000029, 1.48
000030, 0.65
000040, 1.2
000063, 0.66
000088, 1.63
000157, 0.34
000338, 0.74
000417, 1.05
000422, 1.27
000428, 1.47
000430, 1.39
000507, 4.58
000509, 3.3
000510, 1.98
000514, 1.13
000521, 1.56
000545, 11.09
000564, 1.11
000589, 1.34
000599, 1.11
000616, 1.27
000627, 1.43
000637, 3.43
000656, 0.65
000682, 2.44
000692, 1.16
000721, 1.74
000722, 1.83
000726, 0.71
000731, 1.24
000735, 1.19
000739, 1.11
000753, 1.11
000756, 1.33
000789, 1.74
000790, 1.8
000816, 3.64
000822, 0.75
000825, 0.52
000850, 1.38
000856, 0.47
000877, 1.05
000886, 1.99
000888, 0.68
000890, 14.86
000905, 1.98
000908, 1.15
000918, 0.59
000930, 3.15
000949, 1.22
000951, 1.02
001896, 1.01
002005, 2.25
002015, 2.0
002021, 1.7
002028, 1.34
002029, 0.84
002033, 1.32
002062, 1.1
002064, 0.51
002083, 0.69
002109, 1.43
002132, 1.25
002146, 0.23
002163, 2.59
002168, 6.64
002177, 5.21
002187, 1.07
002220, 1.84
002225, 1.21
002267, 0.68
002277, 1.27
002285, 0.9
002302, 0.87
002307, 1.33
002327, 1.99
002337, 1.34
002342, 3.06
002344, 0.84
002381, 2.1
002386, 1.71
002391, 1.31
002420, 1.25
002431, 5.13
002433, 2.12
002470, 0.35
002471, 1.53
002528, 2.8
002538, 1.19
002542, 3.34
002563, 0.1
002575, 1.02
002593, 1.89
002700, 0.77
002701, 0.85
159901, 0
159902, 0
159909, 0
159919, 0
159922, 0
159927, 0
200011, 0.19
200012, 0.17
200026, 0.12
200029, 0.17
200030, 0.42
200058, 0.16
200413, 0.21
200468, 0.04
200488, 0.12
200512, 0.05
200521, 0.06
200613, 0.14
200706, 0.07
300039, 1.72
300064, 1.92
300082, 3.63
300090, 1.79
300105, 2.74
300107, 1.84
300129, 1.7
300164, 1.82
300172, 1.24
300181, 2.16
300214, 3.16
300255, 1.18
300301, 1.63
