600004, 0.54
600029, 0.93
600031, 0.58
600039, 0.56
600063, 1.05
600064, 0.86
600068, 0.71
600075, 1.91
600078, 2.28
600089, 0.96
600094, 0.98
600108, 1.62
600121, 1.62
600123, 3.19
600126, 1.01
600130, 4.43
600133, 1.42
600143, 0.68
600152, 3.47
600159, 0.9
600163, 0.92
600175, 0.79
600202, 1.83
600208, 0.23
600210, 2.5
600213, 2.54
600217, 1.64
600220, 1.62
600222, 1.32
600223, 0.9
600239, 1.21
600243, 1.74
600246, 0.36
600255, 2.91
600257, 3.06
600261, 0.75
600267, 1.05
600268, 1.22
600269, 0.66
600273, 3.17
600275, 2.52
600280, 0.73
600281, 1.06
600287, 1.77
600288, 2.81
600289, 2.7
600317, 1.61
600320, 0.46
600323, 0.99
600336, 2.74
600337, 0.46
600351, 3.03
600353, 5.52
600354, 2.57
600361, 1.02
600368, 0.91
600375, 1.0
600376, 0.63
600380, 1.3
600387, 1.27
600388, 1.18
600396, 0.86
600397, 3.73
600405, 5.82
600448, 2.44
600449, 0.96
600461, 1.75
600466, 1.14
600483, 5.02
600487, 1.69
600488, 0.67
600495, 2.23
600496, 0.71
600503, 4.11
600505, 1.36
600508, 1.42
600509, 0.58
600512, 2.67
600515, 2.04
600516, 2.77
600517, 1.1
600546, 1.0
600561, 2.44
600596, 1.27
600598, 0.96
600602, 1.86
600609, 0.9
600624, 4.01
600642, 0.23
600644, 5.07
600658, 0.61
600683, 0.44
600684, 1.55
600708, 0.71
600716, 2.55
600719, 3.0
600720, 0.92
600723, 0.87
600727, 2.53
600736, 3.11
600755, 1.09
600787, 0.98
600791, 1.72
600802, 2.94
600810, 0.87
600815, 1.21
600824, 2.13
600830, 2.58
600831, 1.58
600838, 4.47
600846, 6.85
600858, 1.04
600865, 1.91
600874, 0.68
600888, 2.94
600900, 0.27
600963, 1.16
600966, 4.08
600969, 1.73
600979, 0.57
600997, 1.23
601008, 2.9
601011, 3.64
601038, 1.51
601058, 2.41
601088, 0.11
601117, 0.28
601126, 1.31
601177, 1.07
601188, 0.42
601208, 2.79
601216, 0.46
601218, 1.95
601328, 0.14
601339, 0.47
601369, 0.43
601519, 0.92
601588, 0.61
601666, 1.02
601678, 0.82
601818, 0.23
601880, 1.53
601985, 1.4
603077, 0.52
603123, 4.13
603167, 1.75
603169, 1.91
603333, 0.93
603366, 0.78
603618, 10.41
603993, 1.5
900905, 0.82
000009, 3.86
000029, 0.97
000030, 0.68
000035, 2.24
000039, 1.19
000040, 1.1
000088, 2.17
000157, 0.56
000301, 0.86
000338, 0.86
000417, 1.31
000422, 1.32
000428, 1.33
000429, 3.75
000430, 2.98
000498, 6.86
000507, 3.85
000510, 2.25
000514, 0.92
000521, 1.92
000545, 9.47
000552, 3.2
000564, 1.35
000589, 1.48
000597, 1.12
000599, 2.06
000616, 2.19
000627, 1.44
000637, 3.32
000656, 0.83
000659, 2.15
000682, 1.8
000692, 1.76
000698, 2.19
000707, 3.08
000715, 0.62
000721, 3.71
000722, 1.32
000726, 1.19
000731, 1.84
000735, 1.23
000739, 1.32
000753, 1.33
000756, 2.3
000782, 3.75
000786, 1.24
000789, 2.03
000790, 2.24
000812, 1.94
000816, 2.17
000822, 0.75
000825, 0.68
000829, 3.13
000837, 2.22
000856, 0.64
000877, 1.42
000886, 2.37
000888, 0.89
000890, 7.43
000900, 0.66
000905, 2.01
000908, 1.13
000918, 0.71
000930, 2.7
000949, 1.48
000951, 0.92
001696, 4.04
001896, 1.16
002004, 1.26
002005, 1.67
002015, 3.28
002021, 2.32
002028, 1.54
002029, 1.46
002033, 1.49
002060, 1.39
002062, 1.0
002064, 0.7
002083, 0.78
002097, 3.53
002109, 0.93
002132, 2.31
002133, 3.16
002146, 0.31
002187, 1.41
002214, 3.21
002225, 1.35
002228, 2.65
002267, 0.61
002277, 2.75
002285, 1.1
002293, 0.68
002302, 2.36
002307, 1.35
002327, 5.53
002336, 0.57
002337, 1.14
002342, 2.06
002344, 0.85
002363, 2.39
002374, 1.96
002381, 2.24
002386, 2.74
002391, 1.54
002392, 2.22
002404, 3.92
002420, 1.54
002429, 1.71
002431, 8.25
002433, 3.27
002470, 0.41
002471, 3.79
002479, 0.79
002528, 1.91
002534, 0.54
002542, 1.95
002563, 0.2
002565, 1.02
002575, 2.03
002613, 3.21
159901, 0
159902, 0
159919, 0
159922, 0
200012, 0.19
200029, 0.23
200030, 0.36
200058, 0.23
200413, 1.69
200468, 0.12
200488, 1.48
200512, 0.04
200521, 0.18
200706, 0.1
300039, 1.92
300064, 3.4
300082, 2.98
300090, 1.91
300105, 2.81
300107, 2.13
300129, 1.93
300154, 2.11
300164, 1.85
300172, 1.81
300181, 2.48
300214, 2.38
300255, 1.91
