600016, 0.38
600028, 0.22
600086, 3.01
600256, 1.75
600387, 2.53
600449, 15.63
600469, 2.39
600507, 2.3
600538, 3.5
600581, 1.14
600583, 1.07
600616, 5.06
600688, 1.11
600782, 2.93
600787, 3.3
600794, 2.29
600810, 7.26
600827, 3.22
600959, 3.14
601113, 2.76
601328, 0.51
601398, 0.05
601600, 1.31
601633, 0.3
601818, 0.47
601890, 5.89
601933, 2.03
601939, 1.61
601988, 0.12
601998, 0.26
603609, 2.2
000630, 2.09
000656, 1.99
000716, 8.11
000735, 3.73
000759, 3.04
000875, 6.46
000882, 10.23
002012, 7.57
002018, 5.11
002028, 3.61
002167, 2.21
002178, 4.63
002225, 6.77
002263, 2.7
002342, 2.91
002470, 1.63
002622, 3.92
200539, 0.16
