600039, 1.56
600051, 1.23
600067, 1.76
600108, 2.27
600121, 2.45
600127, 2.43
600128, 2.15
600133, 2.09
600156, 1.98
600159, 9.07
600160, 2.16
600215, 2.22
600223, 3.22
600226, 0.8
600238, 0.81
600250, 1.22
600257, 5.0
600290, 2.75
600302, 1.73
600326, 2.59
600350, 0.38
600409, 0.88
600426, 0.36
600448, 2.56
600505, 0.76
600512, 4.85
600546, 0.53
600550, 0.32
600558, 1.62
600561, 1.43
600644, 2.02
600664, 0.35
600665, 3.35
600681, 3.74
600722, 4.28
600727, 1.44
600731, 2.35
600743, 2.02
600747, 2.22
600778, 1.68
600791, 3.23
600792, 1.13
600810, 1.04
600844, 0.97
600857, 0.75
601038, 1.36
601169, 0.2
601177, 1.15
601188, 0.51
601231, 0.54
601999, 2.08
603077, 1.58
603333, 1.54
000157, 1.29
000159, 2.02
000528, 0.94
000554, 2.85
000570, 6.43
000584, 0.99
000589, 1.1
000597, 3.14
000636, 1.82
000691, 1.32
000692, 1.47
000702, 1.94
000707, 3.14
000737, 3.23
000782, 8.61
000789, 1.29
000822, 0.87
000856, 0.96
000898, 0.49
000900, 1.79
000936, 1.58
000949, 2.02
000968, 0.77
002042, 1.08
002045, 5.03
002084, 2.03
002097, 3.83
002106, 2.25
002132, 3.14
002220, 1.16
002221, 1.03
002243, 2.14
002307, 2.3
002317, 1.35
002336, 0.59
002386, 2.28
002453, 1.91
002514, 2.63
002521, 2.1
002524, 2.09
002534, 0.53
002550, 0.9
002560, 4.3
002565, 1.49
002613, 3.03
002629, 5.54
002663, 10.5
002692, 1.02
200011, 0.09
200026, 0.35
200030, 0.74
200058, 0.27
200468, 0.15
200488, 0.28
200521, 0.34
200570, 0.38
200613, 0.06
200625, 0.2
200706, 0.05
200726, 0.04
300022, 3.5
300029, 1.95
300117, 1.39
300151, 1.16
300181, 6.85
300187, 1.09
300217, 1.48
300283, 2.03
300303, 2.29
