600005, 2.08
600011, 0.26
600016, 0.93
600028, 0.1
600086, 2.22
600091, 1.52
600115, 1.33
600166, 1.31
600283, 7.07
600299, 0.74
600352, 0.49
600425, 1.75
600438, 0.82
600527, 1.3
600581, 1.12
600619, 6.09
600686, 1.72
600688, 0.34
600720, 3.71
600787, 2.44
600795, 0.62
600803, 1.33
600808, 1.46
600875, 1.99
601107, 1.34
601158, 0.22
601288, 0.05
601398, 0.03
601718, 2.43
601890, 2.33
601933, 2.9
601939, 0.6
000016, 4.14
000035, 10.5
000514, 2.39
000630, 4.36
000708, 7.27
000709, 1.51
000719, 3.78
000761, 1.24
000778, 2.31
000875, 3.31
000882, 20.95
000888, 0.78
000897, 1.52
000902, 2.83
000903, 4.47
000949, 0.97
002002, 0.59
002028, 2.69
002064, 2.06
002081, 0.87
002105, 4.15
002146, 0.38
002166, 3.15
002178, 2.13
002187, 3.62
002263, 5.75
002318, 2.33
002327, 2.35
002336, 0.78
002345, 1.33
002385, 1.49
002556, 3.71
002570, 1.79
002622, 9.39
002770, 10.92
159927, 0
200539, 0.61
