600029, 2.59
600031, 0.57
600086, 0.87
600115, 1.32
600180, 0.28
600190, 2.85
600192, 3.68
600266, 0.94
600320, 2.61
600337, 2.9
600353, 2.59
600377, 0.23
600386, 1.34
600388, 1.03
600429, 0.58
600466, 6.81
600488, 0.82
600510, 0.56
600575, 2.32
600716, 1.14
600719, 4.44
600738, 1.25
600800, 5.17
600828, 4.42
600873, 1.1
600875, 1.2
600971, 2.91
600973, 1.35
600978, 1.29
600987, 1.27
601006, 0.31
601018, 1.99
601111, 0.47
601139, 0.1
601177, 1.87
601188, 2.33
601199, 2.84
601225, 0.3
601369, 0.93
601388, 1.0
601398, 0.04
601608, 2.15
601717, 0.79
601933, 0.69
603167, 5.29
000035, 1.6
000043, 1.14
000088, 4.02
000089, 0.82
000425, 1.68
000430, 3.31
000506, 1.3
000533, 1.24
000537, 2.12
000551, 2.01
000553, 1.7
000622, 0.97
000632, 3.89
000665, 0.77
000735, 1.61
000798, 3.22
000949, 0.4
000950, 0.76
000959, 0.31
000978, 4.6
002020, 0.86
002029, 0.53
002081, 0.44
002096, 1.53
002105, 3.21
002106, 3.12
002121, 2.69
002139, 3.3
002156, 1.06
002158, 2.28
002177, 1.35
002181, 0.3
002232, 2.06
002303, 1.05
002308, 0.62
002317, 1.57
002330, 1.57
002332, 1.35
002375, 0.85
002376, 1.24
002381, 8.75
002390, 4.35
002433, 1.59
002447, 5.6
002449, 1.44
002472, 1.01
002482, 0.92
002489, 4.17
002496, 5.33
002523, 0.94
002531, 0.34
002536, 2.67
002549, 1.36
002583, 1.03
002586, 1.74
002644, 0.66
002655, 1.42
002708, 7.24
159901, 0
159902, 0
159922, 0
200018, 0.25
200022, 0.85
200055, 0.23
200553, 0.34
300002, 1.62
300040, 2.44
300084, 1.61
300117, 1.26
300165, 2.13
300198, 1.55
