600005, 3.49
600039, 0.99
600051, 3.05
600093, 2.09
600103, 1.27
600121, 3.12
600127, 4.06
600133, 3.08
600156, 4.81
600159, 2.91
600215, 4.58
600216, 1.97
600226, 2.09
600249, 3.87
600268, 1.51
600285, 1.42
600302, 3.03
600321, 0.55
600361, 0.95
600409, 0.92
600448, 3.53
600462, 1.92
600505, 1.32
600508, 1.14
600540, 3.81
600543, 2.5
600546, 0.58
600550, 1.34
600558, 4.02
600572, 0.8
600573, 1.66
600614, 11.84
600664, 0.17
600665, 1.14
600719, 3.38
600724, 1.27
600727, 1.93
600731, 2.94
600743, 1.65
600747, 3.63
600751, 2.05
600769, 1.43
600778, 1.66
600791, 8.37
600792, 1.42
600810, 1.09
600844, 3.25
600857, 1.95
600868, 8.48
600870, 3.07
600871, 2.87
600888, 1.71
600967, 2.28
600985, 2.67
601100, 0.71
601177, 2.23
601188, 1.45
601339, 0.86
601515, 0.35
601633, 0.37
601666, 1.34
601898, 0.25
601968, 14.67
601992, 0.25
601996, 1.84
603300, 5.62
603889, 3.16
000090, 6.4
000338, 0.93
000420, 3.18
000421, 2.34
000507, 1.97
000509, 3.42
000510, 5.73
000529, 1.36
000548, 5.73
000554, 8.45
000557, 2.81
000585, 4.91
000589, 2.16
000597, 1.67
000622, 1.07
000632, 3.88
000680, 2.02
000691, 2.7
000692, 1.72
000702, 1.44
000705, 2.39
000729, 0.31
000782, 3.04
000801, 1.01
000809, 1.84
000811, 2.45
000822, 1.12
000830, 1.12
000862, 0.83
000900, 0.92
000921, 1.42
000936, 4.36
000993, 3.55
001696, 2.07
002015, 5.98
002021, 1.23
002042, 0.99
002045, 2.78
002073, 1.83
002097, 2.33
002109, 2.59
002132, 1.98
002134, 5.57
002164, 2.95
002220, 2.47
002331, 4.01
002336, 0.81
002375, 1.77
002376, 0.98
002420, 1.7
002480, 0.97
002493, 0.49
002497, 1.22
002523, 2.97
002534, 0.77
002554, 15.81
002565, 1.48
002585, 1.63
002665, 1.05
002692, 1.51
200019, 2.72
200026, 0.91
200054, 0.33
200058, 1.73
200488, 0.43
200512, 0.15
200570, 0.44
200613, 0.02
200726, 0.07
300029, 2.39
300058, 1.59
300083, 1.87
300087, 1.03
300094, 3.27
300108, 2.58
300129, 3.58
300155, 2.15
300164, 14.51
300169, 3.59
300181, 3.73
300192, 3.28
300214, 7.2
300217, 3.7
300240, 3.53
300249, 0.82
300261, 0.93
