600004, 0.26
600039, 0.73
600048, 0.25
600051, 0.79
600052, 1.7
600059, 1.71
600068, 0.61
600072, 2.12
600078, 2.13
600089, 0.4
600099, 2.85
600116, 7.33
600123, 0.81
600125, 0.86
600130, 6.27
600151, 2.54
600160, 1.16
600176, 0.7
600208, 0.38
600218, 7.27
600225, 0.91
600229, 2.86
600240, 0.71
600246, 0.34
600251, 1.57
600267, 0.65
600275, 1.48
600280, 0.74
600285, 1.38
600287, 2.72
600288, 2.44
600293, 1.36
600295, 0.66
600308, 1.48
600323, 1.2
600325, 0.88
600327, 2.52
600328, 7.58
600348, 0.6
600353, 2.81
600356, 1.71
600362, 0.78
600368, 0.64
600375, 1.28
600388, 0.98
600393, 0.68
600396, 1.22
600397, 1.12
600409, 0.58
600410, 2.81
600422, 0.73
600449, 1.16
600468, 2.84
600470, 4.28
600487, 0.85
600495, 3.37
600503, 4.18
600505, 0.63
600508, 0.43
600512, 2.26
600517, 1.44
600526, 5.63
600561, 2.17
600579, 1.02
600616, 2.8
600621, 1.74
600624, 3.88
600638, 1.21
600643, 3.73
600644, 0.77
600658, 0.43
600668, 1.4
600683, 0.41
600684, 1.56
600701, 1.63
600708, 0.97
600716, 1.03
600720, 0.96
600723, 0.66
600736, 1.8
600740, 0.98
600761, 0.72
600770, 4.71
600797, 2.1
600810, 0.77
600814, 2.35
600828, 1.21
600830, 2.43
600831, 1.32
600841, 0.5
600844, 0.98
600865, 1.61
600868, 11.07
600872, 1.1
600963, 0.86
600967, 2.41
600969, 1.68
600971, 1.33
600981, 2.59
600982, 3.79
601001, 0.99
601088, 0.04
601117, 0.24
601118, 1.24
601139, 0.09
601177, 0.89
601208, 1.86
601218, 1.77
601288, 0.04
601328, 0.14
601339, 0.37
601398, 0.02
601666, 0.31
601677, 0.48
601699, 0.6
601798, 0.57
601818, 0.19
601880, 0.76
601890, 2.36
601898, 0.09
601899, 0.73
601901, 1.18
601969, 0.24
601996, 1.53
601999, 0.99
603123, 1.14
603126, 2.72
603167, 1.61
603366, 0.58
603618, 6.57
603969, 3.22
000026, 2.94
000029, 0.91
000040, 1.52
000059, 2.69
000063, 0.68
000301, 0.66
000413, 4.6
000419, 2.99
000422, 0.92
000428, 1.16
000430, 1.93
000507, 0.99
000514, 2.19
000521, 1.46
000523, 1.68
000525, 1.45
000541, 1.56
000544, 2.15
000548, 1.8
000561, 1.15
000589, 0.94
000599, 2.02
000627, 1.25
000656, 0.81
000692, 1.24
000708, 0.57
000713, 2.56
000756, 0.84
000782, 2.69
000785, 2.56
000786, 0.81
000811, 1.58
000812, 1.36
000816, 1.48
000822, 0.69
000889, 2.18
000906, 1.16
000908, 1.48
000921, 0.43
000926, 3.32
000928, 1.85
000935, 3.04
000937, 0.49
000939, 4.58
000965, 3.82
002005, 1.62
002028, 1.33
002029, 1.86
002042, 1.03
002047, 1.22
002060, 1.87
002064, 1.25
002083, 3.56
002087, 4.91
002092, 4.06
002098, 2.0
002102, 3.29
002118, 1.33
002128, 0.77
002133, 2.43
002142, 0.32
002160, 1.16
002166, 2.47
002187, 0.79
002198, 1.5
002220, 1.43
002225, 1.34
002243, 1.23
002250, 0.68
002258, 0.71
002259, 2.02
002267, 0.84
002300, 0.69
002302, 0.72
002305, 0.97
002307, 1.42
002327, 1.05
002332, 5.86
002337, 1.64
002342, 1.17
002363, 2.79
002381, 2.6
002391, 1.67
002404, 3.13
002406, 1.49
002433, 2.17
002457, 3.2
002470, 0.79
002476, 2.08
002478, 1.08
002479, 2.24
002489, 4.45
002501, 3.76
002538, 1.49
002564, 4.64
002578, 1.99
002598, 2.88
002607, 3.56
002641, 0.62
002648, 0.84
002666, 2.09
002678, 0.37
002743, 7.14
159902, 0
159911, 0
159922, 0
200011, 0.25
200045, 0.36
200413, 0.41
200488, 0.39
200512, 0.09
200530, 0.28
200706, 0.04
300039, 2.03
300064, 2.44
300086, 2.68
300094, 3.0
300095, 4.0
300107, 2.11
300123, 2.04
300129, 2.25
300147, 3.08
300150, 2.03
300164, 4.2
300179, 3.04
300181, 2.6
300192, 3.86
300214, 2.24
300237, 1.43
300283, 2.92
300301, 2.15
