600018, 0.09
600027, 0.33
600029, 1.14
600075, 6.65
600089, 0.48
600126, 1.93
600165, 3.61
600170, 1.21
600183, 3.03
600236, 1.42
600239, 3.38
600240, 1.87
600269, 0.76
600310, 0.77
600346, 0.57
600350, 0.27
600368, 2.32
600377, 0.09
600400, 1.04
600602, 3.34
600603, 0.83
600611, 4.14
600635, 2.13
600642, 0.47
600674, 0.36
600713, 2.23
600725, 0.37
600824, 3.46
600827, 1.5
600886, 0.47
600900, 0.07
601011, 15.07
601058, 3.05
601139, 0.11
601668, 0.25
601699, 0.61
601801, 0.36
601918, 0.68
601933, 0.57
601939, 0.49
601988, 0.03
000001, 0.5
000006, 5.0
000011, 13.21
000089, 0.44
000090, 2.89
000488, 2.1
000498, 3.75
000507, 6.24
000521, 3.3
000533, 0.78
000564, 4.5
000573, 4.92
000597, 1.21
000598, 1.05
000600, 0.78
000659, 1.08
000678, 10.11
000690, 1.19
000828, 1.48
000863, 0.83
000897, 3.58
000900, 0.76
000966, 1.12
002062, 2.68
002078, 0.8
002087, 3.53
002133, 7.65
002146, 0.85
002302, 0.54
002321, 3.56
002419, 1.18
002561, 3.48
002665, 1.19
002678, 1.0
200012, 0.18
200017, 0.45
200030, 0.41
200429, 0.28
200771, 0.73
300318, 6.71
