600057, 1.53
600059, 1.94
600076, 2.36
600098, 0.33
600166, 1.38
600208, 0.71
600216, 2.92
600273, 2.69
600336, 5.67
600377, 0.07
600393, 2.23
600590, 1.63
600674, 0.45
600690, 0.53
600759, 1.82
600886, 0.62
600900, 0.12
601288, 0.03
601328, 0.19
601398, 0.02
601567, 0.22
601939, 0.87
000008, 1.14
000068, 0.78
000089, 0.78
000402, 0.51
000601, 1.15
000616, 2.31
000723, 3.94
000727, 4.01
000863, 0.65
000910, 0.44
000919, 0.93
002023, 2.04
002142, 0.33
002204, 2.06
002267, 0.46
002403, 3.26
002556, 3.64
002603, 0.95
200055, 0.72
300026, 4.04
300259, 3.48
