600039, 1.12
600067, 0.79
600093, 0.98
600103, 0.75
600127, 4.25
600159, 3.32
600215, 1.99
600223, 0.94
600239, 0.61
600249, 6.39
600257, 4.44
600322, 1.07
600361, 0.94
600397, 4.7
600409, 1.21
600426, 0.74
600505, 0.56
600561, 1.54
600573, 1.53
600643, 4.49
600665, 1.03
600714, 1.09
600743, 1.83
600751, 1.03
600792, 1.25
600810, 1.05
600868, 11.08
600992, 3.16
601038, 2.2
601177, 1.68
601339, 0.94
601515, 0.21
601666, 1.43
603333, 1.8
000058, 4.12
000153, 1.82
000157, 0.44
000159, 2.87
000338, 1.09
000518, 6.44
000557, 1.29
000584, 0.66
000597, 1.39
000636, 2.34
000707, 4.38
000737, 3.86
000782, 2.96
000801, 1.01
000809, 1.42
000822, 2.36
000875, 3.5
000900, 0.71
000949, 3.4
002050, 0.74
002092, 5.0
002097, 1.65
002109, 1.57
002132, 3.06
002272, 9.34
002336, 0.88
002375, 1.42
002386, 5.01
002420, 1.35
002453, 5.24
002480, 1.17
002503, 0.72
002523, 1.03
002549, 1.03
002585, 2.0
002663, 2.69
200011, 2.13
200019, 1.88
200058, 0.41
200512, 0.08
200570, 0.19
200726, 0.07
300022, 4.02
300082, 3.14
300083, 1.58
300129, 5.7
300164, 2.04
300181, 5.06
300214, 7.83
300217, 1.17
300249, 1.08
300283, 2.25
