600018, 0.21
600031, 0.35
600050, 0.75
600073, 6.73
600089, 2.55
600095, 1.06
600112, 3.3
600143, 0.68
600159, 1.06
600170, 1.33
600175, 1.11
600183, 1.15
600215, 1.75
600227, 1.22
600237, 3.88
600239, 3.19
600248, 0.79
600249, 6.56
600261, 0.52
600279, 2.09
600284, 1.47
600289, 3.11
600295, 1.0
600302, 1.67
600308, 1.43
600335, 3.85
600336, 2.91
600337, 0.77
600346, 1.5
600356, 1.56
600368, 5.66
600396, 5.71
600415, 0.43
600416, 2.73
600512, 2.1
600565, 2.0
600586, 1.52
600589, 3.58
600601, 1.8
600603, 0.88
600611, 5.0
600613, 0.91
600628, 5.12
600651, 2.92
600674, 1.23
600695, 1.73
600722, 1.78
600723, 0.81
600724, 0.54
600730, 4.59
600736, 0.93
600760, 1.13
600776, 1.6
600780, 1.21
600792, 0.88
600801, 0.86
600810, 1.13
600812, 0.59
600819, 4.3
600820, 2.74
600824, 3.25
600825, 2.73
600827, 0.97
600830, 11.25
600834, 3.51
600883, 1.58
600886, 2.43
600900, 0.3
600995, 1.37
600997, 1.5
601000, 1.26
601007, 2.13
601158, 0.26
601208, 3.76
601216, 1.18
601668, 0.85
601818, 0.16
601880, 0.92
601988, 0.04
000001, 0.33
000016, 1.82
000089, 1.71
000100, 1.19
000153, 2.02
000338, 3.06
000402, 1.67
000404, 3.58
000417, 1.2
000430, 2.27
000514, 1.43
000516, 1.59
000525, 1.36
000533, 1.3
000541, 3.06
000573, 2.28
000591, 1.48
000597, 1.17
000599, 2.57
000600, 2.51
000677, 1.99
000705, 3.55
000722, 1.1
000812, 1.61
000828, 1.66
000837, 2.92
000856, 1.26
000862, 3.87
000890, 2.55
000898, 0.29
000899, 1.36
000900, 0.95
000912, 2.77
000926, 4.68
000928, 2.79
000969, 4.91
002062, 1.31
002084, 11.72
002122, 0.5
002132, 2.09
002162, 2.21
002163, 2.21
002195, 4.73
002220, 3.61
002225, 1.3
002251, 1.13
002302, 0.44
002307, 1.63
002317, 1.89
002321, 5.93
002392, 5.84
002397, 2.0
002404, 2.78
002442, 1.1
002476, 1.47
002498, 0.93
002507, 3.56
002579, 3.9
002614, 9.72
002650, 1.69
002660, 4.01
002678, 0.56
002683, 1.93
159909, 0
159911, 0
200011, 0.46
200012, 0.29
200030, 0.87
200058, 0.43
200429, 0.81
200468, 0.29
200488, 1.12
200541, 0.38
300029, 2.51
300071, 3.32
300086, 2.89
300120, 2.68
300137, 3.76
300152, 5.06
300301, 2.43
