600004, 0.62
600008, 1.14
600010, 0.81
600011, 0.12
600015, 0.32
600020, 1.49
600023, 0.33
600026, 1.2
600027, 0.79
600029, 2.04
600033, 1.05
600039, 1.04
600048, 0.91
600063, 2.98
600109, 2.14
600111, 0.89
600153, 1.39
600163, 2.01
600166, 1.17
600170, 0.87
600177, 0.53
600188, 0.64
600190, 0.61
600192, 2.14
600199, 2.67
600208, 0.55
600210, 0.99
600219, 1.3
600221, 1.02
600252, 0.74
600266, 2.27
600269, 2.14
600297, 2.89
600317, 0.38
600320, 1.04
600327, 2.54
600348, 1.53
600350, 0.38
600352, 1.27
600368, 2.59
600376, 1.05
600377, 0.06
600386, 1.64
600388, 1.27
600395, 2.54
600397, 3.0
600426, 1.27
600429, 0.67
600478, 0.49
600496, 1.32
600510, 0.55
600546, 0.53
600548, 0.25
600578, 0.24
600586, 1.76
600595, 1.2
600606, 1.52
600635, 0.79
600642, 0.39
600674, 0.48
600684, 1.72
600690, 0.85
600705, 0.81
600708, 1.14
600723, 1.8
600743, 0.58
600755, 2.03
600780, 0.83
600792, 1.69
600795, 0.7
600798, 2.62
600808, 1.86
600811, 0.9
600814, 13.57
600820, 1.16
600823, 0.62
600839, 1.66
600863, 0.56
600886, 0.64
600900, 0.13
600959, 0.96
600963, 3.52
600978, 1.8
600982, 3.61
600987, 2.42
601001, 2.52
601018, 0.3
601058, 2.33
601101, 0.77
601111, 0.56
601118, 0.92
601169, 0.24
601179, 0.34
601199, 1.18
601216, 0.56
601288, 0.12
601328, 0.3
601369, 0.42
601377, 1.07
601398, 0.03
601515, 0.17
601518, 0.97
601588, 1.15
601669, 0.68
601766, 0.45
601818, 0.21
601866, 0.58
601872, 0.81
601898, 0.3
601899, 0.61
601933, 6.02
601939, 1.13
601958, 0.8
601985, 2.77
601988, 0.11
601992, 2.92
601998, 0.14
900905, 0.18
000001, 0.38
000012, 2.04
000027, 0.31
000060, 1.54
000069, 0.37
000088, 0.65
000099, 1.86
000100, 0.96
000157, 0.67
000407, 1.16
000415, 0.68
000417, 2.05
000419, 3.02
000420, 5.41
000429, 0.96
000517, 2.04
000520, 1.74
000521, 2.44
000539, 0.26
000552, 1.85
000572, 2.38
000589, 2.58
000598, 0.93
000600, 1.12
000627, 0.96
000630, 1.27
000631, 1.02
000636, 3.99
000652, 1.01
000667, 1.39
000685, 0.65
000686, 1.74
000698, 4.38
000700, 1.54
000717, 0.38
000729, 1.19
000751, 3.63
000783, 0.82
000816, 1.05
000831, 1.76
000850, 3.41
000852, 1.6
000863, 0.52
000868, 1.71
000876, 0.43
000883, 0.33
000897, 2.07
000898, 0.7
000900, 2.02
000927, 0.98
000936, 1.39
000939, 1.28
000968, 0.87
000969, 0.86
002020, 1.78
002021, 2.04
002033, 1.19
002043, 8.65
002050, 0.51
002060, 1.13
002062, 2.29
002100, 1.8
002102, 1.22
002109, 1.04
002128, 1.49
002160, 1.15
002178, 7.15
002203, 1.94
002204, 1.45
002215, 0.9
002240, 1.7
002254, 1.72
002255, 2.61
002382, 1.33
002398, 2.84
002410, 0.93
002431, 2.48
002449, 2.05
002463, 0.73
002523, 0.66
002567, 1.15
002610, 3.84
002701, 1.55
159901, 0
159919, 0
159927, 0
200012, 0.15
200030, 0.5
200429, 0.27
200521, 0.16
200541, 0.3
300004, 0.96
300006, 1.09
300058, 1.23
300142, 0.89
300185, 1.66
300193, 2.62
300198, 4.41
300225, 7.79
300228, 7.2
300256, 5.62
300264, 3.45
300267, 0.2
300316, 0.28
