600031, 0.58
600052, 1.02
600068, 1.31
600078, 5.55
600084, 3.46
600093, 1.16
600094, 0.57
600100, 1.21
600115, 0.78
600116, 10.06
600159, 2.31
600185, 0.44
600189, 2.78
600190, 0.56
600193, 1.87
600223, 0.63
600289, 1.61
600290, 1.13
600297, 4.16
600365, 1.83
600367, 5.85
600460, 1.06
600477, 1.67
600483, 1.19
600499, 0.69
600510, 0.68
600515, 1.64
600558, 15.0
600580, 0.45
600589, 1.05
600635, 1.42
600658, 1.0
600665, 1.57
600674, 0.88
600800, 5.39
600866, 1.48
600869, 0.51
600873, 2.12
600882, 2.0
600886, 1.63
600888, 3.73
600983, 0.9
601101, 0.65
601111, 0.4
601177, 1.81
601188, 2.03
601225, 0.61
601231, 0.23
601369, 0.55
601398, 0.03
601567, 0.13
601579, 1.68
601818, 0.18
601886, 1.04
603011, 3.36
603077, 0.78
000040, 2.21
000089, 0.46
000404, 1.5
000409, 3.5
000505, 2.0
000563, 2.29
000601, 0.69
000622, 1.12
000628, 1.75
000718, 0.57
000731, 4.37
000767, 0.46
000786, 1.53
000851, 5.47
000908, 0.92
000976, 3.71
002005, 1.42
002006, 1.25
002017, 1.56
002063, 1.26
002069, 1.07
002073, 2.88
002081, 0.5
002083, 0.64
002118, 0.85
002122, 0.9
002126, 2.47
002127, 1.38
