600016, 0.26
600050, 0.28
600063, 1.04
600082, 1.66
600089, 0.6
600095, 1.63
600108, 1.68
600112, 6.92
600127, 2.06
600133, 1.2
600156, 0.84
600160, 1.12
600163, 1.66
600175, 2.75
600202, 1.33
600208, 0.35
600215, 2.06
600220, 1.47
600223, 0.39
600227, 0.97
600238, 0.85
600243, 1.63
600248, 1.77
600249, 2.89
600256, 0.36
600269, 0.36
600279, 2.24
600284, 2.34
600288, 6.27
600289, 4.97
600292, 1.39
600295, 0.7
600302, 1.0
600310, 0.77
600323, 1.02
600336, 4.0
600337, 0.78
600355, 4.17
600356, 1.38
600380, 1.04
600387, 1.68
600389, 0.79
600415, 0.68
600439, 1.11
600463, 1.22
600488, 0.56
600503, 16.07
600516, 9.33
600548, 0.34
600555, 1.75
600565, 2.61
600578, 0.14
600586, 1.11
600608, 0.5
600617, 1.26
600621, 3.33
600628, 1.38
600635, 0.9
600664, 0.22
600665, 0.59
600674, 0.44
600676, 1.77
600678, 2.49
600684, 1.45
600698, 4.27
600716, 0.89
600720, 0.48
600722, 1.84
600724, 0.83
600726, 0.82
600731, 2.49
600736, 1.48
600744, 2.3
600755, 1.44
600780, 0.71
600810, 0.95
600812, 0.71
600814, 2.54
600819, 0.67
600820, 0.95
600825, 0.71
600830, 2.41
600834, 1.41
600861, 1.2
600863, 0.34
600865, 1.46
600881, 0.81
600886, 0.45
600898, 2.12
600963, 1.3
600969, 1.23
600978, 1.94
600981, 2.43
600985, 1.9
601011, 4.32
601058, 1.0
601158, 0.23
601177, 1.03
601179, 0.25
601231, 0.54
601233, 1.04
601333, 0.37
601801, 0.3
601880, 1.17
601886, 1.53
601929, 0.53
601933, 1.01
601939, 0.48
603123, 3.43
603333, 1.19
000005, 1.44
000010, 3.29
000011, 5.57
000027, 0.23
000029, 0.97
000089, 0.51
000096, 0.55
000158, 1.23
000301, 0.69
000338, 0.9
000425, 0.48
000510, 4.46
000514, 2.12
000518, 0.9
000521, 1.89
000533, 1.12
000557, 1.8
000570, 1.56
000597, 0.76
000599, 4.0
000600, 0.51
000631, 0.47
000652, 0.79
000667, 1.66
000670, 1.9
000690, 0.66
000721, 1.82
000726, 1.57
000731, 2.38
000735, 1.02
000737, 1.25
000753, 2.06
000778, 1.3
000809, 0.87
000812, 4.03
000825, 0.67
000850, 1.01
000862, 2.04
000882, 1.07
000897, 0.66
000908, 2.27
000926, 2.15
000978, 1.07
000993, 1.48
002011, 2.2
002018, 1.39
002024, 1.02
002028, 1.59
002033, 1.27
002061, 1.15
002062, 1.42
002067, 3.86
002079, 7.01
002083, 0.99
002093, 4.1
002100, 1.87
002122, 0.42
002133, 2.34
002135, 1.33
002150, 1.59
002162, 2.59
002163, 3.46
002181, 1.51
002220, 2.71
002225, 1.33
002226, 1.89
002243, 1.78
002269, 0.5
002363, 2.12
002375, 0.94
002385, 0.51
002391, 1.27
002404, 6.55
002408, 1.45
002419, 0.39
002430, 1.77
002449, 3.43
002453, 2.17
002455, 2.62
002461, 0.53
002463, 1.64
002470, 0.49
002471, 5.21
002476, 1.46
002480, 1.09
002490, 2.59
002498, 5.34
002503, 0.72
002526, 1.52
002565, 5.16
002575, 0.93
002583, 2.14
002607, 6.07
002637, 1.98
002671, 1.64
002678, 0.31
002683, 1.42
002687, 1.33
002700, 2.31
159909, 0
159911, 0
159922, 0
159927, 0
200011, 0.44
200012, 0.21
200026, 0.29
200029, 0.22
200058, 0.64
200429, 0.69
200488, 0.6
200512, 0.1
200521, 0.33
200541, 0.39
200570, 0.09
200771, 0.19
200992, 0.22
300022, 2.14
300029, 5.07
300043, 1.44
300071, 3.07
300079, 2.35
300090, 1.7
300107, 2.33
300108, 3.03
300132, 3.41
300150, 2.86
300172, 1.29
300181, 1.72
300187, 0.62
300197, 0.93
300206, 5.8
300251, 0.88
300301, 3.96
300307, 2.11
