600018, 0.08
600023, 0.28
600028, 0.08
600031, 0.21
600068, 0.83
600089, 0.6
600106, 4.6
600160, 1.35
600166, 1.22
600170, 0.5
600221, 0.5
600236, 0.2
600252, 0.52
600261, 0.38
600297, 1.51
600299, 0.76
600322, 3.17
600350, 0.15
600418, 0.75
600425, 7.5
600512, 2.21
600522, 1.18
600578, 0.14
600583, 1.27
600642, 0.26
600795, 0.42
600839, 0.82
600873, 1.72
600886, 0.59
600981, 1.49
601012, 0.68
601018, 0.14
601111, 0.16
601117, 0.36
601179, 0.35
601618, 0.49
601633, 0.21
601636, 2.06
601857, 0.02
603366, 0.47
900905, 0.27
000338, 1.11
000401, 0.83
000572, 1.37
000709, 0.72
000739, 0.98
000893, 5.01
002078, 0.91
002258, 1.88
002376, 0.76
002545, 8.2
200055, 0.33
200429, 0.09
