600015, 0.23
600019, 0.33
600026, 0.8
600028, 0.05
600031, 0.36
600033, 0.3
600039, 0.94
600051, 8.18
600063, 1.08
600080, 3.51
600086, 2.05
600095, 1.64
600096, 1.12
600106, 1.54
600108, 4.01
600117, 4.22
600123, 2.74
600127, 2.06
600130, 3.68
600133, 5.53
600156, 1.68
600157, 1.0
600168, 1.59
600190, 0.44
600192, 1.63
600203, 1.72
600208, 0.72
600216, 1.56
600220, 1.29
600225, 1.52
600226, 4.06
600229, 2.27
600239, 1.05
600251, 1.72
600252, 0.9
600269, 0.49
600277, 1.56
600287, 3.65
600300, 2.51
600308, 1.08
600310, 11.1
600311, 2.29
600320, 0.38
600326, 2.45
600327, 1.06
600350, 0.13
600356, 1.46
600359, 1.81
600362, 1.19
600375, 1.66
600377, 0.05
600381, 6.21
600387, 3.23
600399, 2.61
600426, 0.47
600428, 1.54
600429, 1.25
600448, 3.72
600449, 1.75
600462, 2.76
600469, 0.77
600470, 3.53
600495, 2.55
600515, 1.47
600533, 1.08
600540, 2.09
600546, 1.46
600548, 0.18
600555, 4.48
600567, 1.07
600575, 0.43
600582, 0.58
600626, 1.72
600643, 2.42
600644, 2.02
600658, 0.81
600667, 2.29
600691, 2.83
600695, 1.63
600716, 3.95
600719, 4.24
600720, 2.56
600723, 0.42
600727, 1.7
600731, 3.18
600747, 6.79
600761, 3.09
600769, 1.86
600778, 1.49
600790, 0.99
600792, 3.55
600794, 0.99
600798, 1.03
600802, 1.93
600812, 0.63
600815, 3.03
600820, 1.43
600824, 0.65
600834, 0.53
600854, 1.48
600858, 0.53
600863, 0.26
600865, 4.46
600866, 2.55
600871, 1.56
600875, 0.61
600881, 1.15
600961, 1.04
600966, 1.94
600967, 3.32
600970, 1.36
600981, 1.85
600982, 1.81
601003, 0.57
601006, 0.24
601007, 4.62
601008, 0.98
601107, 0.45
601116, 0.56
601117, 0.79
601118, 1.56
601169, 0.1
601226, 1.51
601233, 1.07
601313, 1.05
601333, 0.41
601339, 0.75
601369, 0.46
601608, 0.58
601616, 1.52
601633, 0.93
601717, 1.37
601766, 0.33
601808, 0.14
601866, 0.6
601872, 0.88
601918, 4.3
601919, 0.47
601969, 1.03
601985, 1.44
601989, 0.45
601991, 0.11
601996, 1.29
603167, 5.23
603318, 2.92
000039, 0.39
000088, 0.32
000090, 1.52
000153, 2.62
000166, 0.46
000301, 1.1
000338, 2.0
000417, 2.24
000419, 1.43
000421, 1.35
000422, 1.48
000428, 1.64
000429, 2.09
000498, 2.36
000506, 1.0
000507, 1.92
000521, 1.78
000529, 1.0
000530, 1.13
000537, 2.0
000539, 0.22
000543, 1.35
000546, 4.08
000548, 2.83
000552, 4.43
000600, 0.61
000632, 3.65
000680, 6.59
000685, 0.72
000692, 1.22
000698, 4.39
000702, 2.19
000703, 1.79
000707, 2.65
000713, 2.6
000735, 2.47
000759, 0.51
000761, 0.43
000767, 0.72
000778, 1.1
000789, 1.55
000807, 6.61
000825, 1.6
000830, 0.95
000848, 3.14
000850, 1.48
000852, 0.35
000877, 1.44
000893, 3.01
000919, 0.64
000931, 2.49
000932, 1.64
000937, 1.72
000939, 1.74
000972, 11.04
000983, 1.97
002002, 1.47
002015, 2.35
002024, 1.27
002029, 1.07
002047, 5.13
002060, 2.05
002067, 1.97
002069, 0.56
002083, 1.36
002084, 2.6
002086, 4.27
002093, 0.85
002100, 0.87
002104, 2.01
002145, 9.94
002154, 2.51
002178, 2.65
002203, 0.68
002204, 0.78
002218, 1.4
002220, 3.4
002233, 1.55
002240, 2.24
002248, 3.27
002255, 3.37
002274, 1.55
002277, 1.65
002307, 2.54
002321, 1.87
002325, 1.97
002327, 1.29
002336, 1.07
002337, 3.08
002342, 1.56
002344, 0.79
002361, 2.07
002363, 1.46
002382, 2.92
002386, 11.1
002392, 3.0
002420, 1.48
002426, 1.63
002455, 2.51
002469, 1.82
002476, 18.68
002487, 1.21
002496, 3.95
002501, 2.72
002507, 3.14
002521, 2.66
002523, 3.86
002524, 6.35
002535, 5.4
002540, 0.92
002554, 4.32
002561, 0.83
002565, 3.55
002566, 1.87
002579, 1.2
002585, 1.26
002598, 1.54
002628, 3.07
002651, 1.68
002687, 2.91
002689, 0.83
002693, 1.36
002711, 3.54
002770, 2.26
159901, 0
159902, 0
159919, 0
159922, 0
200017, 0.15
200026, 0.5
200054, 0.1
200055, 0.2
200429, 0.16
200488, 0.76
200521, 0.25
200613, 0.1
200726, 0.07
300083, 1.49
300086, 2.87
300091, 0.88
300131, 1.52
300135, 4.76
300154, 1.23
300155, 1.78
300157, 3.25
300169, 2.26
300192, 3.85
300214, 2.81
300239, 1.65
300261, 0.48
300283, 1.37
300289, 1.59
300301, 1.84
300303, 3.18
300305, 1.93
300390, 3.73
