600004, 0.29
600011, 0.08
600015, 0.15
600018, 0.07
600020, 0.52
600033, 0.53
600059, 1.06
600089, 0.6
600098, 1.07
600117, 1.22
600122, 1.1
600160, 1.38
600177, 0.24
600183, 1.49
600208, 0.14
600219, 0.94
600252, 0.59
600267, 0.27
600269, 0.5
600295, 1.23
600299, 0.44
600300, 0.47
600308, 1.56
600323, 0.58
600335, 0.54
600352, 1.01
600409, 0.92
600418, 0.99
600428, 2.87
600481, 0.63
600489, 1.71
600508, 0.76
600522, 0.91
600525, 0.43
600537, 1.11
600548, 0.18
600569, 0.67
600579, 0.58
600582, 0.75
600595, 0.84
600690, 0.3
600693, 0.48
600701, 1.59
600704, 3.41
600705, 0.61
600720, 9.66
600743, 0.39
600755, 0.63
600761, 1.25
600773, 1.27
600798, 1.64
600808, 0.47
600839, 0.89
600858, 2.2
600873, 1.79
600881, 1.47
600963, 1.92
600971, 1.17
600997, 0.9
601012, 0.63
601018, 0.16
601058, 0.69
601118, 1.0
601158, 0.16
601186, 0.32
601288, 0.04
601328, 0.1
601377, 0.89
601398, 0.02
601588, 0.55
601618, 0.65
601636, 1.59
601818, 0.1
601898, 0.2
601899, 0.8
601901, 1.69
601919, 1.04
601939, 0.55
601988, 0.04
601989, 1.75
603993, 0.32
900905, 0.11
000001, 0.21
000037, 0.62
000059, 2.52
000060, 1.5
000099, 0.95
000100, 0.46
000157, 0.54
000426, 1.14
000428, 1.0
000509, 0.82
000521, 1.04
000528, 1.64
000546, 3.83
000554, 4.12
000566, 0.43
000572, 1.36
000585, 8.99
000589, 3.49
000600, 0.4
000611, 1.15
000612, 1.08
000630, 1.27
000636, 2.17
000680, 2.14
000708, 0.88
000709, 0.64
000719, 0.98
000729, 0.24
000739, 0.51
000751, 2.18
000786, 0.63
000801, 2.42
000837, 6.63
000868, 1.01
000883, 0.18
000897, 2.47
000900, 0.73
000937, 1.41
000949, 0.66
000960, 1.47
000962, 0.55
000967, 0.71
000983, 0.86
001896, 2.69
002012, 1.91
002028, 1.13
002078, 0.91
002081, 0.5
002106, 1.19
002109, 1.14
002128, 0.53
002145, 1.77
002146, 0.17
002178, 1.32
002204, 0.92
002214, 2.66
002215, 0.82
002219, 0.27
002221, 0.54
002236, 1.26
002244, 0.45
002245, 1.44
002254, 2.41
002255, 2.76
002367, 0.44
002376, 1.05
002397, 19.45
002428, 0.92
002478, 2.34
002523, 0.81
002535, 3.26
002539, 1.06
002585, 1.4
002600, 5.65
002614, 1.22
002648, 0.57
159919, 0
200037, 0.3
200054, 0.02
200055, 0.14
200488, 0.53
200992, 0.03
300006, 0.67
300091, 1.32
300129, 1.84
300219, 2.22
300225, 3.34
300239, 0.9
300251, 0.41
300303, 5.51
300337, 0.27
