600004, 0.83
600008, 0.94
600021, 0.8
600031, 0.56
600063, 1.4
600068, 2.18
600078, 2.1
600082, 1.27
600084, 1.58
600089, 1.03
600094, 1.46
600108, 2.34
600117, 2.94
600121, 1.24
600123, 2.17
600126, 1.47
600133, 7.42
600143, 0.84
600159, 1.05
600160, 1.8
600169, 1.15
600175, 1.57
600202, 2.08
600221, 2.13
600222, 1.46
600223, 0.84
600239, 1.18
600243, 2.73
600246, 0.73
600255, 3.75
600257, 3.89
600261, 1.13
600267, 1.03
600268, 2.53
600269, 1.11
600279, 1.96
600280, 1.38
600281, 0.83
600284, 1.35
600287, 1.86
600289, 5.48
600290, 1.8
600293, 2.45
600302, 3.03
600320, 0.52
600323, 1.6
600350, 0.4
600353, 2.04
600354, 2.37
600361, 0.68
600368, 1.78
600375, 1.54
600380, 1.52
600387, 1.61
600388, 1.97
600397, 3.73
600398, 1.62
600405, 7.54
600406, 1.68
600418, 2.69
600448, 2.45
600461, 1.95
600466, 1.61
600470, 2.74
600487, 2.57
600488, 0.93
600495, 3.01
600496, 0.86
600503, 4.28
600505, 1.66
600508, 0.94
600509, 0.92
600512, 2.0
600515, 2.55
600516, 3.4
600517, 1.68
600537, 2.89
600546, 0.76
600548, 0.25
600550, 0.67
600561, 2.87
600578, 0.3
600592, 3.17
600596, 1.15
600598, 1.0
600602, 1.34
600617, 2.77
600621, 1.87
600624, 4.42
600642, 0.46
600644, 3.55
600658, 1.19
600665, 0.76
600673, 2.48
600684, 1.83
600691, 3.61
600708, 0.99
600713, 1.74
600716, 1.68
600720, 1.22
600723, 0.7
600727, 2.24
600736, 1.42
600744, 4.67
600747, 2.07
600748, 1.1
600755, 3.23
600778, 1.63
600780, 1.18
600787, 1.44
600790, 1.98
600791, 1.9
600792, 1.18
600802, 2.99
600810, 1.47
600811, 1.15
600815, 1.38
600821, 4.62
600824, 1.01
600825, 1.74
600830, 2.88
600831, 3.59
600838, 3.4
600846, 5.99
600858, 1.8
600860, 2.38
600865, 2.3
600874, 1.17
600875, 1.06
600881, 1.87
600900, 0.29
600917, 4.55
600963, 1.05
600965, 0.96
600966, 1.92
600970, 3.19
600979, 1.25
600985, 2.39
600992, 1.62
601000, 0.8
601008, 1.6
601011, 3.6
601038, 1.28
601058, 2.91
601106, 1.37
601111, 1.18
601117, 0.48
601188, 0.54
601208, 1.97
601216, 0.64
601218, 1.99
601226, 5.45
601328, 0.19
601339, 0.81
601368, 3.22
601369, 0.56
601518, 0.78
601616, 1.22
601666, 1.28
601678, 3.47
601717, 1.35
601727, 0.22
601818, 0.3
601872, 1.49
601880, 1.16
601901, 2.5
601985, 2.23
601996, 1.77
603077, 0.74
603167, 2.04
603169, 2.75
603333, 0.78
603366, 1.47
603993, 0.74
900905, 0.29
000006, 2.06
000009, 3.68
000010, 2.64
000027, 1.06
000029, 1.92
000030, 0.71
000035, 3.66
000036, 1.41
000039, 1.53
000040, 1.49
000063, 1.88
000157, 1.03
000301, 1.11
000338, 1.34
000417, 1.62
000420, 1.5
000422, 1.67
000428, 1.84
000429, 1.81
000430, 4.05
000498, 7.29
000507, 1.72
000510, 3.35
000514, 1.15
000521, 4.62
000525, 1.68
000529, 1.33
000543, 1.55
000545, 6.66
000552, 4.22
000554, 7.26
000572, 1.94
000589, 1.84
000597, 1.86
000616, 2.81
000637, 4.86
000652, 1.63
000656, 1.07
000667, 1.81
000671, 1.11
000682, 2.01
000690, 1.82
000692, 2.02
000698, 3.43
000707, 3.03
000713, 3.41
000721, 2.47
000722, 1.17
000726, 2.42
000731, 1.87
000735, 2.57
000737, 1.44
000739, 3.67
000753, 2.4
000782, 3.69
000788, 1.17
000789, 2.52
000816, 2.35
000822, 0.98
000823, 4.3
000825, 1.74
000837, 4.08
000850, 1.63
000859, 1.36
000868, 2.09
000877, 2.31
000883, 0.61
000898, 0.55
000900, 0.8
000905, 1.58
000918, 2.39
000922, 2.07
000930, 3.58
000949, 1.79
000951, 3.16
000959, 2.72
000978, 2.51
001896, 5.27
002004, 1.97
002005, 2.75
002021, 1.51
002028, 2.49
002029, 1.92
002033, 3.83
002060, 1.75
002061, 4.07
002062, 1.31
002083, 1.41
002109, 2.52
002132, 3.67
002133, 4.43
002146, 0.82
002170, 5.36
002187, 1.35
002214, 3.87
002220, 3.38
002225, 1.81
002233, 1.64
002244, 1.26
002250, 2.03
002258, 1.53
002267, 0.84
002277, 3.31
002282, 3.52
002285, 1.75
002302, 2.0
002307, 2.17
002336, 0.95
002340, 4.35
002342, 1.56
002344, 1.04
002363, 4.0
002374, 1.68
002376, 2.43
002377, 1.32
002381, 2.45
002385, 0.7
002386, 1.83
002391, 2.3
002392, 2.17
002420, 1.98
002429, 1.88
002470, 2.49
002471, 2.39
002478, 1.79
002487, 1.42
002528, 1.51
002534, 0.63
002538, 2.47
002563, 0.88
002565, 0.86
002575, 2.79
002588, 5.85
002607, 2.14
002641, 0.58
002648, 1.27
002671, 2.05
002701, 3.65
159901, 0
159902, 0
159909, 0
159911, 0
159919, 0
159922, 0
159927, 0
200012, 0.3
200029, 0.31
200030, 0.43
200058, 0.25
200413, 1.16
200488, 0.46
200512, 0.08
200521, 0.46
200530, 0.13
200625, 0.95
200992, 0.54
300039, 3.78
300079, 7.38
300090, 2.08
300105, 1.98
300107, 1.88
300129, 2.62
300132, 3.72
300150, 1.75
300164, 2.67
300181, 4.31
300214, 2.53
300255, 1.83
300289, 2.09
300337, 2.98
