600039, 1.29
600051, 2.03
600108, 1.06
600133, 2.72
600159, 2.19
600169, 0.83
600179, 2.61
600220, 0.77
600223, 1.66
600226, 1.18
600238, 1.37
600268, 2.58
600273, 2.5
600285, 1.42
600290, 1.95
600302, 1.91
600325, 2.87
600326, 1.96
600336, 6.45
600383, 0.42
600415, 0.56
600425, 1.26
600426, 0.42
600448, 5.1
600462, 1.63
600495, 1.14
600496, 3.64
600499, 5.62
600509, 1.39
600510, 1.55
600546, 0.88
600550, 0.35
600558, 1.79
600561, 1.37
600581, 1.64
600644, 2.53
600664, 0.28
600728, 1.83
600743, 0.49
600747, 4.86
600778, 4.98
600780, 0.44
600791, 2.92
600802, 2.31
600857, 0.87
600866, 2.17
600967, 1.26
600982, 2.15
600995, 1.03
600997, 1.16
601113, 0.74
601188, 0.58
601218, 2.19
601518, 1.72
601801, 0.56
601999, 1.98
603333, 1.8
000159, 2.08
000404, 3.81
000528, 1.35
000554, 4.04
000570, 1.65
000585, 3.51
000589, 1.55
000597, 0.85
000606, 1.63
000607, 0.89
000610, 8.03
000636, 1.92
000656, 1.27
000731, 3.5
000737, 2.24
000753, 2.35
000789, 1.09
000822, 1.52
000875, 6.05
000912, 1.72
000949, 1.66
000968, 0.3
000976, 1.01
002064, 0.53
002100, 1.82
002109, 1.36
002225, 2.25
002233, 0.88
002243, 1.7
002317, 5.29
002351, 11.28
002386, 3.57
002392, 3.6
002404, 2.82
002437, 0.84
002453, 2.25
002486, 3.31
002514, 2.61
002521, 4.57
002528, 1.46
002534, 0.88
002550, 2.57
002565, 2.34
002613, 2.09
002628, 8.99
002688, 1.5
002697, 1.69
159927, 0
200011, 0.23
200022, 0.14
200026, 0.29
200030, 0.69
200429, 0.17
200468, 0.23
200488, 0.64
200521, 0.15
200613, 0.09
200706, 0.21
300022, 4.14
300029, 2.03
300082, 0.82
300083, 1.79
300151, 2.06
300175, 2.69
