600004, 0.43
600008, 0.67
600010, 1.67
600011, 0.11
600015, 0.16
600020, 1.14
600021, 0.98
600023, 0.41
600026, 0.89
600027, 0.36
600029, 1.59
600033, 0.76
600039, 0.84
600048, 0.41
600074, 2.52
600109, 2.48
600125, 5.57
600166, 1.17
600170, 1.46
600177, 0.37
600188, 0.34
600208, 0.25
600219, 1.69
600221, 0.98
600252, 1.09
600261, 0.72
600269, 0.76
600295, 1.29
600297, 1.08
600299, 0.8
600300, 0.49
600323, 0.78
600335, 0.4
600348, 1.71
600352, 0.57
600368, 3.64
600377, 0.07
600395, 0.92
600399, 6.36
600496, 1.63
600502, 2.37
600512, 1.4
600537, 1.37
600546, 0.45
600550, 0.97
600578, 0.3
600582, 0.57
600606, 1.37
600635, 2.01
600642, 0.52
600674, 0.35
600690, 0.75
600703, 0.52
600704, 5.02
600705, 1.16
600717, 1.4
600755, 2.09
600795, 0.79
600806, 2.08
600811, 0.76
600820, 1.47
600823, 0.39
600839, 2.23
600863, 0.97
600886, 0.48
600900, 0.11
600978, 0.66
600982, 7.4
600997, 0.97
601009, 0.58
601018, 0.6
601058, 0.61
601118, 1.87
601179, 0.75
601225, 0.5
601288, 0.07
601328, 0.16
601377, 1.67
601398, 0.04
601588, 1.17
601618, 0.77
601636, 1.82
601668, 0.65
601669, 0.94
601766, 0.35
601818, 0.12
601872, 1.05
601898, 0.34
601899, 0.62
601933, 1.91
601939, 0.72
601985, 3.84
601988, 0.07
601989, 1.19
601992, 1.14
601998, 0.08
900905, 0.13
000001, 0.25
000069, 0.43
000100, 1.06
000157, 0.52
000402, 0.22
000407, 2.12
000429, 0.81
000498, 2.97
000520, 3.72
000521, 2.88
000552, 2.48
000572, 1.27
000589, 4.28
000599, 3.97
000600, 0.8
000612, 1.38
000630, 1.31
000680, 2.87
000688, 1.47
000698, 5.11
000708, 1.08
000717, 0.39
000729, 0.5
000751, 2.75
000753, 24.97
000761, 0.5
000786, 0.82
000816, 1.91
000852, 1.49
000863, 0.42
000868, 3.35
000883, 0.54
000886, 1.38
000897, 5.77
000900, 1.51
000937, 2.05
000939, 1.24
000967, 0.9
002021, 2.23
002028, 1.55
002043, 1.81
002050, 0.34
002081, 0.45
002109, 0.89
002128, 0.99
002203, 0.75
002204, 1.36
002236, 2.72
002254, 2.97
002255, 3.19
002334, 1.05
002367, 0.89
002376, 1.14
002535, 1.94
002562, 4.38
002583, 2.31
002677, 4.25
159901, 0
159919, 0
159927, 0
200030, 0.2
200037, 0.1
200429, 0.67
200488, 0.37
300152, 2.18
300185, 1.53
300198, 2.06
300225, 2.5
300264, 3.98
300267, 0.23
300303, 1.58
