600028, 0.1
600035, 0.96
600227, 2.04
600277, 1.27
600301, 3.37
600336, 2.34
600339, 1.87
600481, 1.33
600558, 4.29
600565, 2.7
600567, 0.98
600686, 1.69
600688, 0.78
600691, 4.68
600693, 0.97
600703, 0.56
600787, 1.42
600827, 2.33
600856, 1.32
600967, 1.4
601038, 1.77
601718, 1.72
601857, 0.04
601933, 0.89
000009, 2.58
000422, 1.54
000518, 1.62
000703, 1.65
000822, 8.88
000830, 3.26
000875, 4.44
000902, 1.41
000927, 1.14
000949, 2.09
000950, 1.99
002050, 0.48
002503, 0.48
200011, 0.46
200055, 0.06
300086, 2.77
300197, 2.9
