600029, 0.58
600048, 0.59
600052, 1.99
600068, 2.8
600074, 1.09
600078, 3.28
600089, 2.4
600093, 1.74
600094, 0.36
600100, 1.0
600115, 0.72
600135, 2.29
600159, 1.6
600180, 0.35
600183, 1.06
600189, 2.72
600190, 0.62
600193, 1.96
600199, 5.39
600223, 2.02
600227, 1.32
600289, 1.61
600290, 1.39
600325, 1.24
600365, 1.64
600377, 0.07
600438, 0.6
600458, 0.71
600460, 0.99
600477, 1.6
600508, 1.93
600510, 1.5
600515, 2.8
600522, 2.26
600558, 5.75
600580, 0.32
600589, 1.1
600635, 1.79
600658, 0.45
600665, 0.98
600674, 0.36
600684, 1.2
600690, 0.54
600693, 0.82
600695, 1.48
600716, 4.18
600731, 14.28
600780, 0.74
600791, 4.57
600806, 0.19
600823, 0.36
600866, 1.23
600869, 0.36
600873, 1.48
600882, 1.1
600960, 0.78
600965, 0.85
600971, 2.38
600978, 0.97
600983, 0.9
601028, 0.95
601101, 0.6
601111, 0.83
601188, 0.82
601225, 0.39
601231, 0.46
601313, 0.97
601369, 0.39
601567, 1.06
601886, 0.49
603011, 2.42
603077, 0.59
603366, 0.98
000040, 1.47
000043, 1.9
000089, 0.52
000090, 0.71
000158, 0.46
000402, 0.52
000419, 1.3
000505, 1.14
000521, 3.17
000536, 1.03
000537, 3.78
000540, 0.86
000551, 3.72
000553, 1.28
000563, 2.07
000593, 4.23
000600, 0.79
000622, 0.79
000628, 1.44
000633, 0.84
000665, 0.64
000667, 0.64
000679, 0.89
000718, 0.67
000726, 0.82
000735, 3.75
000739, 1.17
000786, 1.81
000816, 1.63
000851, 3.29
000899, 1.49
000926, 6.15
000933, 0.99
000950, 0.83
000976, 1.82
002005, 1.18
002006, 1.26
002009, 2.59
002020, 2.08
002044, 0.53
002063, 2.1
002073, 1.48
002079, 2.35
002081, 0.64
002083, 0.64
002084, 1.61
002096, 1.18
002118, 0.79
002121, 1.71
002122, 0.79
002126, 2.09
002137, 1.17
002139, 5.07
002155, 3.39
002156, 1.2
002158, 0.82
002177, 2.71
002181, 0.31
002191, 0.91
002211, 4.27
002218, 9.26
002228, 0.97
002239, 1.29
002244, 0.81
002285, 0.87
002297, 6.84
002309, 0.9
002327, 3.36
002334, 2.99
002336, 0.58
002337, 0.87
002342, 2.18
002348, 1.53
002376, 1.43
002381, 4.79
002382, 0.7
002403, 1.04
002431, 8.63
002449, 1.6
002457, 1.54
002472, 0.92
002474, 2.07
002482, 0.87
002502, 2.94
002523, 1.79
002531, 0.43
002538, 2.26
002550, 0.79
002565, 1.74
002566, 1.33
002586, 0.98
002587, 2.45
002593, 0.82
002641, 0.55
002650, 1.07
002655, 4.4
159901, 0
159902, 0
159919, 0
159922, 0
200018, 0.61
200521, 0.28
200530, 0.23
200541, 0.12
200553, 0.05
300002, 1.78
300013, 2.52
300039, 1.09
300040, 3.12
300066, 2.39
300074, 6.1
300084, 2.33
300087, 2.97
300102, 4.01
300108, 1.85
300126, 2.97
300139, 1.22
300150, 7.98
300154, 0.97
300165, 2.08
300193, 1.99
300198, 1.59
300228, 2.12
300259, 1.19
300261, 0.53
300267, 0.29
300272, 0.78
300290, 1.6
300370, 1.2
