600008, 0.23
600011, 0.07
600015, 0.12
600018, 0.11
600023, 0.37
600028, 0.13
600031, 0.99
600059, 0.86
600089, 0.54
600098, 0.86
600117, 1.32
600160, 2.24
600170, 0.64
600177, 0.21
600208, 0.25
600219, 0.98
600252, 0.44
600261, 0.35
600267, 0.57
600269, 0.49
600295, 0.59
600299, 0.52
600300, 0.63
600308, 1.01
600352, 1.12
600409, 1.17
600418, 2.11
600428, 2.15
600481, 0.64
600489, 2.93
600508, 0.82
600546, 0.36
600548, 0.11
600569, 0.71
600595, 0.94
600598, 2.12
600690, 0.22
600693, 0.94
600704, 5.56
600720, 8.62
600755, 0.55
600808, 0.58
600839, 0.94
600872, 0.42
600873, 1.29
600881, 1.98
600900, 0.08
600961, 2.13
600971, 0.91
601012, 0.53
601018, 0.17
601118, 1.03
601158, 0.09
601179, 0.2
601186, 0.36
601288, 0.03
601328, 0.13
601377, 0.33
601398, 0.03
601588, 0.32
601636, 1.58
601666, 1.28
601818, 0.08
601857, 0.02
601898, 0.12
601899, 0.95
601919, 0.93
601939, 0.51
601988, 0.05
601989, 0.66
603993, 0.34
900905, 0.31
000001, 0.23
000037, 0.86
000100, 0.41
000416, 1.65
000426, 1.37
000428, 0.82
000429, 0.57
000521, 1.44
000528, 1.72
000546, 2.93
000566, 0.7
000572, 1.27
000589, 1.4
000600, 0.29
000611, 2.84
000612, 1.44
000630, 1.31
000636, 3.14
000680, 2.84
000708, 1.02
000717, 0.26
000719, 1.28
000729, 0.28
000739, 1.17
000751, 1.41
000761, 0.28
000786, 0.65
000789, 5.38
000863, 0.36
000868, 1.36
000877, 15.73
000897, 2.59
000900, 0.74
000937, 1.57
000960, 1.4
000962, 0.69
000967, 0.79
000983, 0.58
001896, 2.52
002012, 3.14
002028, 1.09
002078, 1.27
002081, 0.92
002109, 1.1
002128, 0.35
002178, 2.04
002198, 0.76
002204, 0.89
002214, 0.94
002219, 0.41
002236, 0.54
002244, 0.55
002255, 2.58
002342, 1.14
002361, 15.69
002367, 0.43
002376, 0.87
002406, 18.36
002430, 1.03
002437, 0.91
002535, 3.25
002539, 1.08
002600, 4.74
002614, 1.04
002648, 1.11
159919, 0
200037, 0.13
200054, 0.09
200055, 0.22
200488, 0.21
200726, 0.07
200992, 0.08
300006, 0.88
300040, 4.53
300058, 0.95
300129, 2.93
300219, 2.39
300225, 1.85
300251, 0.42
300303, 4.15
300316, 0.46
300337, 0.23
