600005, 0.77
600018, 0.07
600019, 0.5
600023, 0.27
600026, 0.69
600028, 0.13
600031, 0.59
600068, 1.3
600089, 0.64
600160, 1.19
600166, 1.43
600170, 0.49
600221, 0.58
600236, 0.18
600252, 0.53
600261, 0.78
600299, 1.36
600326, 10.66
600350, 0.2
600409, 2.3
600418, 0.8
600425, 5.84
600481, 0.72
600489, 1.35
600512, 2.54
600522, 1.23
600578, 0.15
600583, 0.73
600642, 0.24
600664, 0.35
600686, 0.57
600704, 2.95
600795, 0.71
600801, 4.36
600820, 0.92
600839, 2.07
600873, 1.65
600886, 0.37
600961, 2.55
601009, 0.61
601018, 0.19
601111, 0.14
601117, 0.53
601158, 0.15
601179, 0.32
601588, 0.3
601633, 0.21
601636, 2.03
601717, 2.18
601857, 0.02
601939, 0.81
900905, 0.11
000338, 1.05
000401, 2.21
000428, 1.21
000429, 1.02
000498, 2.2
000528, 1.69
000572, 1.13
000709, 1.1
000725, 2.8
000739, 0.78
000877, 4.56
000900, 0.91
000921, 0.63
002012, 1.64
002068, 5.8
002078, 0.96
002178, 1.05
002198, 1.53
002233, 7.69
002258, 1.54
002307, 9.33
002330, 3.47
002376, 0.82
002430, 0.63
002453, 1.65
002535, 3.03
002648, 0.79
200055, 0.14
200429, 0.2
200488, 0.17
