600028, 0.13
600035, 1.15
600082, 1.55
600282, 1.54
600339, 1.03
600438, 0.71
600481, 1.11
600558, 6.12
600575, 0.46
600581, 1.38
600583, 0.93
600596, 1.88
600686, 1.04
600688, 0.8
600703, 0.82
600820, 1.31
600856, 1.8
600871, 3.04
600959, 1.75
601718, 4.28
601857, 0.04
000809, 1.81
000822, 2.37
000830, 1.3
000875, 10.21
000882, 11.26
000902, 1.73
000927, 2.12
000949, 1.19
002002, 0.88
002050, 0.58
002064, 1.04
002166, 3.81
002167, 2.21
002258, 1.37
002263, 2.82
002503, 0.56
002564, 3.32
200055, 0.31
200488, 0.26
200539, 0.09
