600004, 0.41
600006, 1.21
600008, 1.14
600010, 1.09
600011, 0.18
600015, 0.17
600017, 2.29
600020, 2.04
600023, 0.32
600026, 1.28
600027, 0.8
600029, 1.35
600033, 2.06
600039, 0.89
600048, 0.42
600063, 3.67
600078, 1.83
600100, 1.01
600109, 0.9
600111, 0.63
600122, 4.78
600153, 1.36
600157, 0.62
600162, 0.95
600163, 1.93
600166, 1.24
600170, 0.66
600177, 0.44
600188, 0.41
600190, 0.59
600192, 2.07
600208, 0.22
600210, 0.94
600219, 1.03
600221, 0.7
600227, 4.95
600236, 0.22
600252, 0.79
600255, 1.23
600266, 2.17
600269, 1.32
600283, 4.22
600295, 1.52
600297, 1.62
600300, 1.67
600310, 0.83
600317, 0.26
600319, 1.2
600320, 1.02
600327, 1.99
600335, 1.88
600348, 0.99
600350, 0.67
600352, 0.65
600365, 1.04
600376, 0.74
600377, 0.13
600386, 1.19
600388, 0.98
600395, 1.33
600429, 0.68
600478, 0.36
600495, 3.04
600496, 1.74
600510, 1.4
600526, 2.31
600546, 0.48
600548, 0.16
600578, 0.24
600586, 3.57
600606, 1.2
600616, 3.61
600635, 1.05
600642, 0.67
600658, 0.48
600674, 0.36
600684, 2.3
600690, 0.59
600704, 8.84
600705, 0.55
600708, 1.15
600738, 1.19
600743, 1.4
600755, 2.8
600757, 1.33
600780, 0.95
600795, 0.59
600798, 1.63
600805, 1.81
600806, 0.97
600811, 0.89
600814, 7.71
600820, 1.18
600823, 0.55
600825, 0.71
600839, 1.45
600853, 6.28
600863, 0.53
600874, 1.28
600881, 5.97
600886, 0.52
600894, 0.89
600900, 0.17
600959, 1.1
600963, 2.7
600965, 0.88
600973, 0.63
600978, 0.87
600982, 2.95
600987, 1.34
601001, 1.0
601018, 0.29
601058, 1.35
601101, 0.45
601111, 0.45
601158, 0.78
601169, 0.15
601179, 0.42
601199, 1.85
601208, 1.82
601216, 0.29
601288, 0.08
601328, 0.16
601339, 0.47
601369, 1.04
601377, 0.5
601398, 0.02
601515, 0.21
601518, 0.95
601588, 0.73
601600, 0.98
601636, 2.07
601669, 0.66
601766, 0.27
601789, 4.41
601818, 0.16
601866, 0.6
601872, 1.05
601898, 0.17
601899, 0.48
601933, 4.38
601939, 0.39
601985, 2.35
601988, 0.06
601998, 0.09
603618, 1.89
900905, 0.1
000001, 0.27
000016, 0.92
000021, 0.82
000027, 0.35
000030, 0.54
000040, 0.73
000046, 0.11
000069, 0.45
000078, 1.22
000088, 0.4
000089, 0.76
000099, 1.7
000100, 1.14
000157, 1.43
000402, 0.47
000407, 5.26
000415, 0.69
000417, 2.58
000419, 1.72
000420, 3.99
000421, 1.25
000429, 1.23
000430, 0.95
000517, 0.8
000520, 2.28
000521, 1.49
000523, 2.99
000529, 0.94
000539, 0.31
000546, 6.04
000552, 1.55
000571, 1.24
000572, 11.92
000589, 3.19
000598, 1.21
000599, 8.12
000600, 0.77
000606, 1.26
000616, 0.65
000627, 0.74
000630, 1.63
000631, 1.02
000632, 4.94
000652, 1.29
000667, 0.91
000680, 8.02
000685, 0.85
000686, 1.36
000692, 1.7
000698, 13.14
000708, 2.95
000717, 0.74
000720, 1.24
000729, 0.46
000751, 2.72
000783, 0.35
000786, 2.68
000816, 1.32
000830, 1.73
000831, 1.49
000850, 8.18
000863, 0.69
000868, 4.36
000876, 0.44
000883, 0.29
000888, 0.68
000897, 3.39
000898, 0.67
000900, 1.78
000919, 0.44
000927, 0.88
000936, 0.89
000965, 7.73
000968, 0.84
000969, 1.54
000970, 1.15
001896, 4.3
002002, 2.52
002003, 0.69
002011, 0.69
002015, 1.06
002020, 1.31
002021, 3.23
002023, 1.96
002029, 0.74
002044, 0.58
002050, 0.52
002056, 1.12
002059, 1.11
002060, 1.91
002062, 2.66
002069, 0.65
002079, 1.06
002097, 3.26
002100, 1.41
002128, 1.06
002135, 1.08
002139, 2.04
002145, 5.07
002155, 5.57
002160, 1.51
002167, 1.59
002204, 2.62
002214, 1.27
002215, 2.45
002218, 0.69
002237, 1.41
002245, 2.53
002254, 1.54
002255, 5.02
002283, 1.0
002309, 1.2
002317, 2.97
002318, 2.51
002348, 1.35
002375, 0.63
002376, 1.48
002382, 1.26
002386, 3.72
002392, 1.62
002428, 1.74
002431, 5.26
002455, 4.28
002463, 0.86
002523, 1.96
002531, 0.48
002535, 8.9
002567, 1.22
002570, 1.14
002600, 8.38
002610, 1.61
002665, 0.32
002682, 1.51
002688, 0.54
002701, 0.7
159901, 0
159902, 0
159919, 0
159922, 0
159927, 0
200026, 0.37
200030, 0.26
200429, 0.41
200521, 0.4
200541, 0.18
200625, 0.71
200706, 0.23
300002, 0.9
300006, 1.07
300058, 0.76
300117, 0.95
300142, 1.3
300185, 1.58
300193, 2.21
300198, 2.96
300256, 4.23
300264, 2.34
300267, 0.21
300303, 2.51
300307, 0.9
300316, 0.26
