600004, 0.54
600008, 0.47
600016, 0.16
600018, 0.06
600020, 0.9
600021, 0.83
600031, 0.28
600033, 0.42
600039, 0.57
600050, 0.41
600063, 3.49
600077, 1.09
600078, 3.71
600082, 1.01
600089, 0.62
600094, 1.03
600099, 1.59
600103, 1.75
600108, 1.1
600117, 2.14
600126, 1.68
600130, 7.95
600133, 2.12
600143, 0.69
600157, 0.84
600159, 1.1
600160, 1.7
600163, 2.25
600169, 2.21
600170, 0.45
600175, 6.09
600183, 1.57
600190, 0.63
600202, 3.03
600220, 2.95
600221, 0.65
600222, 1.32
600223, 0.57
600238, 1.45
600239, 0.82
600243, 1.71
600246, 0.52
600252, 0.67
600256, 1.48
600257, 2.77
600261, 0.52
600266, 2.83
600268, 1.04
600269, 0.93
600275, 2.0
600279, 1.49
600281, 0.75
600284, 0.92
600288, 2.77
600289, 2.77
600293, 1.8
600295, 1.55
600300, 0.74
600302, 1.07
600320, 2.6
600323, 1.1
600335, 0.92
600350, 0.15
600354, 2.66
600368, 1.05
600376, 0.45
600380, 1.43
600387, 1.42
600388, 1.31
600396, 0.89
600405, 6.21
600406, 1.32
600439, 1.07
600448, 4.77
600461, 0.65
600466, 0.92
600481, 1.72
600488, 0.61
600495, 1.75
600496, 0.6
600509, 0.71
600512, 1.54
600516, 2.08
600533, 1.58
600546, 0.64
600548, 0.4
600550, 0.53
600578, 0.16
600582, 0.7
600583, 1.28
600596, 3.08
600598, 0.64
600601, 1.36
600617, 4.81
600626, 1.21
600642, 0.23
600644, 2.04
600657, 0.56
600665, 0.51
600673, 1.05
600674, 0.46
600684, 3.46
600688, 1.19
600691, 1.18
600695, 1.03
600708, 0.78
600716, 1.98
600720, 1.25
600722, 1.3
600723, 0.4
600724, 0.59
600726, 1.28
600727, 2.39
600728, 2.1
600744, 2.0
600747, 1.27
600755, 2.22
600776, 1.5
600778, 1.67
600780, 0.66
600790, 1.01
600791, 1.41
600792, 1.56
600798, 2.07
600802, 1.44
600810, 1.2
600811, 0.63
600812, 0.65
600815, 0.99
600819, 0.59
600820, 0.55
600824, 0.59
600825, 0.77
600828, 5.1
600830, 1.7
600831, 1.15
600838, 1.89
600846, 5.73
600853, 1.24
600858, 0.86
600860, 1.66
600863, 0.24
600864, 0.89
600865, 1.94
600874, 0.75
600875, 0.81
600880, 3.52
600881, 0.7
600900, 0.2
600917, 4.6
600963, 3.95
600965, 0.55
600966, 2.66
600979, 0.7
600981, 2.16
600985, 2.08
600992, 1.36
601000, 0.62
601002, 1.9
601003, 1.02
601008, 1.05
601010, 0.53
601011, 2.46
601038, 1.04
601058, 1.69
601099, 1.83
601106, 0.76
601113, 0.71
601117, 0.24
601158, 0.15
601177, 0.91
601186, 0.15
601188, 0.4
601216, 0.42
601218, 1.02
601226, 2.5
601333, 0.32
601339, 0.57
601369, 0.4
601518, 0.83
601519, 0.88
601588, 1.38
601616, 1.55
601618, 0.51
601666, 0.8
601678, 0.87
601717, 1.12
601727, 0.19
601818, 0.21
601880, 0.57
601928, 0.43
601929, 0.83
601985, 1.41
601991, 0.09
601998, 0.12
603077, 0.28
603123, 1.0
603167, 1.89
603169, 2.26
603333, 0.73
603366, 0.57
900905, 0.41
000006, 0.78
000009, 2.94
000010, 2.12
000011, 7.51
000016, 2.14
000027, 0.3
000029, 1.53
000030, 0.71
000031, 4.14
000035, 1.54
000036, 1.14
000039, 2.73
000040, 2.4
000046, 0.4
000058, 2.09
000061, 0.37
000063, 0.87
000069, 0.32
000078, 2.45
000089, 0.62
000096, 1.97
000100, 0.87
000157, 0.58
000301, 0.87
000338, 1.07
000401, 2.61
000417, 0.98
000420, 1.49
000422, 1.18
000428, 1.19
000507, 0.88
000510, 2.25
000521, 2.23
000525, 1.11
000528, 0.89
000529, 1.39
000540, 1.05
000548, 2.65
000563, 1.93
000572, 1.61
000589, 1.59
000597, 1.2
000598, 0.81
000599, 4.14
000607, 1.77
000616, 1.57
000637, 5.21
000652, 1.07
000667, 6.71
000671, 0.44
000678, 1.19
000680, 3.22
000682, 1.92
000685, 0.62
000686, 1.82
000690, 0.72
000692, 1.44
000698, 5.46
000707, 1.54
000721, 2.01
000722, 0.83
000726, 0.71
000731, 2.32
000735, 2.3
000739, 6.63
000753, 1.7
000789, 1.86
000793, 3.22
000809, 1.19
000816, 1.87
000822, 0.71
000823, 6.5
000825, 1.46
000828, 0.52
000830, 0.71
000837, 2.0
000850, 1.18
000851, 3.85
000875, 2.29
000877, 2.04
000883, 0.21
000898, 0.51
000900, 0.46
000905, 1.05
000921, 0.71
000930, 11.64
000931, 1.43
000949, 1.16
000978, 1.23
000993, 2.59
002004, 1.05
002005, 1.25
002028, 1.93
002029, 1.06
002033, 2.91
002061, 2.16
002062, 0.92
002064, 1.05
002083, 0.76
002084, 1.58
002093, 1.18
002100, 1.54
002109, 1.07
002122, 0.53
002132, 2.78
002146, 0.42
002154, 1.71
002170, 1.57
002214, 4.35
002215, 3.59
002220, 1.62
002225, 1.79
002226, 2.72
002228, 2.35
002233, 1.14
002240, 5.23
002244, 0.62
002248, 4.45
002261, 2.68
002267, 0.54
002277, 1.13
002282, 2.02
002285, 2.95
002307, 1.58
002342, 1.06
002344, 1.14
002348, 4.18
002375, 0.7
002376, 1.0
002391, 2.08
002392, 1.75
002397, 1.42
002420, 2.45
002429, 0.93
002430, 0.79
002431, 22.34
002455, 2.73
002461, 0.96
002470, 1.12
002471, 1.38
002478, 1.03
002480, 3.02
002490, 5.59
002493, 0.1
002534, 0.54
002538, 0.92
002593, 3.11
002637, 3.91
002683, 1.63
002701, 1.35
159901, 0
159902, 0
159909, 0
159911, 0
159919, 0
159922, 0
159927, 0
200011, 0.14
200012, 0.17
200029, 0.23
200030, 0.43
200429, 1.1
200488, 0.49
200521, 0.18
200570, 0.17
200992, 1.22
300079, 3.82
300090, 2.63
300105, 1.72
300108, 1.38
300129, 1.79
300132, 2.96
300151, 2.15
300181, 2.23
300205, 3.07
300214, 3.42
300255, 0.67
