600011, 0.12
600017, 1.12
600018, 0.21
600019, 0.6
600020, 0.78
600023, 1.66
600028, 0.14
600029, 1.23
600033, 0.65
600039, 1.5
600048, 1.65
600057, 0.56
600067, 1.05
600068, 2.57
600089, 1.54
600090, 1.57
600101, 3.56
600108, 4.15
600133, 2.86
600157, 1.7
600159, 2.59
600162, 2.56
600165, 0.68
600166, 2.7
600169, 2.04
600170, 1.37
600175, 1.82
600190, 0.74
600192, 3.53
600193, 5.56
600199, 1.74
600210, 1.46
600220, 1.37
600221, 0.88
600243, 3.25
600249, 4.52
600256, 0.97
600266, 2.82
600269, 0.8
600273, 2.85
600277, 0.88
600279, 1.36
600284, 1.36
600285, 1.92
600311, 3.37
600313, 2.73
600317, 0.33
600320, 2.06
600327, 4.66
600350, 0.15
600351, 1.04
600359, 4.84
600361, 1.52
600365, 4.61
600369, 1.19
600376, 1.32
600383, 0.75
600387, 1.39
600403, 0.22
600429, 0.64
600448, 3.42
600466, 4.02
600481, 2.01
600483, 7.42
600495, 3.65
600499, 2.15
600515, 1.22
600527, 2.2
600533, 3.29
600538, 2.45
600546, 1.0
600548, 0.45
600567, 0.83
600569, 1.14
600578, 0.28
600581, 1.46
600582, 2.3
600583, 1.29
600586, 1.17
600598, 2.44
600602, 0.95
600617, 1.78
600618, 1.06
600635, 1.06
600642, 0.33
600644, 3.09
600665, 1.98
600667, 4.2
600674, 0.47
600683, 1.02
600684, 3.22
600686, 2.52
600691, 3.37
600708, 2.28
600717, 0.76
600719, 7.1
600723, 0.72
600724, 1.12
600731, 7.35
600744, 1.89
600757, 1.01
600759, 3.89
600782, 3.01
600794, 1.26
600795, 1.22
600802, 6.86
600811, 1.17
600812, 1.04
600814, 2.13
600815, 1.07
600820, 1.28
600825, 0.98
600830, 7.16
600834, 0.97
600841, 0.93
600858, 2.59
600863, 0.63
600864, 1.82
600865, 2.13
600871, 5.61
600875, 1.35
600881, 1.93
600882, 1.71
600889, 2.23
600959, 0.93
600966, 1.69
600973, 1.21
600978, 1.36
600981, 2.31
600982, 3.71
600987, 1.2
600995, 2.36
601000, 0.5
601009, 2.58
601018, 0.36
601107, 0.8
601111, 0.43
601113, 0.91
601117, 1.02
601126, 1.74
601137, 1.5
601169, 0.48
601179, 0.58
601188, 0.58
601226, 2.44
601288, 0.13
601313, 3.04
601328, 0.41
601333, 0.39
601339, 0.66
601368, 4.14
601518, 1.79
601588, 1.2
601600, 1.96
601808, 1.2
601818, 0.59
601857, 0.04
601872, 1.16
601886, 1.68
601929, 0.87
601933, 0.57
601939, 1.44
601985, 2.49
601996, 3.22
601998, 0.47
603015, 9.14
603227, 4.64
000001, 1.2
000005, 2.44
000017, 4.15
000027, 0.58
000036, 1.73
000059, 3.71
000061, 1.41
000066, 1.72
000069, 1.66
000088, 0.47
000166, 1.13
000402, 2.34
000407, 2.85
000417, 4.44
000419, 1.89
000425, 2.0
000429, 1.59
000430, 2.08
000488, 1.46
000507, 1.45
000530, 1.79
000539, 0.53
000543, 2.29
000545, 1.72
000548, 2.27
000572, 1.58
000598, 1.24
000601, 0.8
000616, 1.57
000632, 2.72
000636, 1.95
000637, 4.16
000671, 1.85
000672, 1.4
000673, 2.66
000677, 3.5
000685, 2.07
000690, 0.72
000692, 4.6
000698, 3.91
000700, 1.02
000708, 2.34
000713, 2.25
000720, 1.89
000726, 1.9
000735, 3.62
000753, 1.4
000761, 0.46
000767, 1.12
000778, 2.07
000793, 1.58
000809, 10.14
000816, 3.86
000825, 0.73
000828, 1.5
000833, 4.94
000862, 0.91
000877, 1.96
000883, 0.31
000898, 0.37
000900, 0.87
000906, 1.16
000926, 2.6
000931, 1.55
000949, 2.04
000950, 0.73
000966, 0.84
000978, 1.83
001896, 1.97
002011, 1.17
002018, 1.12
002029, 1.94
002031, 1.75
002047, 2.26
002063, 3.03
002064, 3.36
002069, 0.84
002084, 2.76
002087, 2.96
002097, 3.0
002116, 1.18
002158, 0.76
002162, 1.66
002166, 6.32
002187, 1.17
002214, 1.68
002225, 1.34
002232, 1.27
002263, 2.42
002274, 1.65
002307, 2.85
002321, 1.92
002327, 1.54
002328, 4.76
002336, 0.97
002363, 1.8
002382, 1.21
002397, 1.39
002419, 0.74
002429, 1.33
002441, 1.09
002447, 3.18
002457, 3.64
002487, 1.77
002489, 4.8
002493, 0.2
002498, 0.54
002504, 9.51
002505, 1.51
002521, 2.71
002528, 1.41
002531, 0.75
002534, 0.9
002556, 6.05
002561, 0.85
002563, 0.27
002570, 0.75
002585, 1.95
002638, 2.14
002641, 0.4
002666, 1.68
002671, 4.91
002689, 0.91
002692, 2.76
159901, 0
159919, 0
159922, 0
159927, 0
200012, 0.48
200022, 0.04
200539, 0.3
200613, 0.09
300006, 2.14
300022, 3.22
300040, 13.77
300084, 5.08
300087, 2.59
300094, 3.45
300107, 2.09
300135, 5.88
300146, 1.61
300147, 1.4
300154, 1.49
300214, 2.37
300217, 2.6
300251, 0.74
300255, 1.82
300259, 1.54
300289, 1.41
300305, 5.43
300315, 6.28
