600028, 0.13
600035, 0.51
600063, 1.5
600098, 0.87
600123, 1.89
600130, 5.55
600227, 6.16
600251, 1.51
600277, 1.32
600279, 1.97
600281, 1.63
600301, 0.87
600308, 3.57
600336, 2.35
600354, 3.96
600361, 3.67
600375, 1.22
600390, 1.9
600423, 6.29
600439, 0.74
600448, 1.61
600467, 2.26
600470, 5.28
600502, 2.67
600558, 5.25
600567, 1.0
600614, 2.56
600688, 0.62
600695, 0.93
600704, 3.58
600720, 4.52
600724, 0.5
600787, 1.99
600819, 1.49
600828, 4.34
600871, 2.18
600963, 2.37
600966, 10.77
601008, 2.18
601015, 5.06
601038, 2.95
601117, 0.82
601633, 0.15
601718, 1.46
601857, 0.03
601918, 0.78
601933, 1.52
601996, 2.09
900905, 0.13
000006, 2.58
000009, 2.18
000301, 1.77
000422, 3.07
000428, 1.77
000529, 1.0
000531, 7.81
000570, 1.75
000572, 1.49
000633, 2.62
000637, 2.61
000683, 4.32
000691, 2.4
000692, 1.48
000725, 1.9
000726, 0.97
000753, 4.62
000767, 1.33
000789, 2.46
000793, 1.58
000830, 2.51
000859, 2.05
000877, 4.82
000902, 2.22
000949, 2.34
000962, 0.74
000972, 2.84
001896, 4.6
002042, 0.64
002064, 1.06
002069, 0.79
002087, 2.43
002109, 0.74
002126, 1.57
002154, 2.03
002164, 1.94
002167, 2.46
002178, 3.47
002215, 1.59
002255, 1.78
002263, 2.22
002321, 4.14
002330, 1.09
002332, 0.78
002342, 1.37
002418, 6.14
002501, 1.88
002521, 1.8
002570, 1.09
200011, 0.25
200017, 0.28
200037, 0.17
200045, 0.56
200055, 0.21
200056, 0.05
200488, 0.32
200706, 0.04
300107, 1.51
300129, 1.11
300175, 2.74
300197, 2.12
