600031, 0.41
600052, 0.66
600075, 6.16
600086, 0.54
600122, 0.78
600131, 1.08
600180, 0.31
600183, 1.29
600190, 2.39
600199, 2.32
600216, 0.83
600237, 1.42
600266, 0.94
600285, 1.8
600320, 1.05
600337, 1.25
600339, 1.19
600353, 2.31
600377, 0.11
600386, 1.06
600388, 1.12
600466, 6.81
600468, 0.3
600488, 1.34
600510, 0.49
600515, 0.98
600575, 0.42
600635, 0.42
600658, 0.43
600716, 0.99
600719, 7.97
600731, 3.96
600738, 1.67
600744, 1.43
600800, 10.22
600815, 2.43
600873, 1.17
600875, 2.81
600965, 0.93
600971, 1.59
600973, 1.81
600987, 0.92
601028, 1.22
601111, 0.7
601139, 0.11
601177, 1.88
601188, 2.11
601225, 0.22
601369, 0.52
601608, 0.95
601933, 0.69
603167, 1.5
000035, 1.43
000088, 0.6
000089, 0.44
000425, 1.0
000430, 3.41
000505, 0.68
000506, 1.54
000528, 2.67
000533, 2.18
000537, 1.87
000551, 2.72
000600, 0.71
000622, 0.87
000628, 2.48
000632, 1.2
000665, 0.68
000731, 2.87
000735, 1.54
000851, 4.4
000888, 2.18
000899, 1.34
000926, 2.33
000950, 1.07
000978, 2.46
002020, 1.24
002029, 0.69
002044, 1.87
002069, 0.62
002073, 0.97
002079, 1.04
002081, 0.69
002083, 0.52
002096, 2.19
002105, 3.73
002106, 2.21
002121, 2.69
002123, 2.76
002139, 3.3
002155, 2.3
002156, 1.09
002158, 1.51
002177, 0.85
002181, 0.21
002232, 2.01
002238, 0.49
002303, 1.96
002308, 0.72
002317, 2.15
002332, 1.37
002345, 0.64
002375, 0.71
002376, 0.88
002381, 2.45
002390, 1.54
002433, 3.4
002447, 11.19
002449, 1.86
002496, 1.62
002516, 30.41
002523, 0.82
002531, 0.42
002536, 4.01
002549, 2.37
002583, 2.69
002586, 0.35
002630, 1.1
002644, 0.63
002655, 1.42
002708, 12.79
002743, 2.21
159901, 0
159902, 0
159922, 0
200018, 0.14
200022, 0.11
200055, 0.15
200539, 0.06
200553, 0.25
300013, 0.91
300039, 0.57
300040, 1.65
300064, 0.89
300066, 1.3
300079, 0.76
300084, 2.29
300102, 1.45
300108, 1.14
300117, 1.38
300150, 1.88
300198, 1.15
300261, 0.35
300332, 5.11
