600029, 0.58
600048, 0.59
600052, 1.08
600068, 2.8
600074, 1.13
600078, 5.55
600089, 1.51
600093, 1.74
600094, 0.55
600100, 1.0
600115, 0.72
600131, 2.1
600159, 2.32
600180, 0.35
600185, 0.32
600189, 2.42
600190, 0.62
600193, 1.96
600199, 8.93
600202, 3.84
600223, 0.64
600227, 1.32
600289, 1.61
600290, 2.1
600325, 1.24
600365, 1.27
600376, 0.56
600377, 0.08
600438, 0.6
600458, 1.3
600460, 1.03
600477, 3.06
600483, 1.04
600488, 0.38
600499, 0.59
600508, 2.81
600510, 0.99
600515, 1.14
600522, 3.44
600558, 7.06
600561, 1.7
600580, 0.32
600589, 0.9
600635, 0.83
600658, 0.61
600665, 0.98
600674, 0.47
600693, 1.17
600695, 0.77
600707, 1.0
600716, 2.31
600728, 1.34
600731, 5.37
600780, 0.46
600806, 0.18
600823, 0.32
600866, 1.23
600869, 0.36
600873, 1.4
600882, 1.1
600886, 0.84
600888, 2.39
600960, 0.78
600971, 2.24
600983, 0.8
601028, 2.12
601101, 0.45
601111, 0.27
601117, 1.61
601177, 1.15
601188, 1.18
601225, 0.39
601231, 0.15
601369, 0.59
601567, 0.14
601579, 1.08
601886, 0.49
601933, 0.54
603011, 2.09
603077, 0.75
603366, 1.19
000021, 0.49
000040, 1.06
000043, 2.77
000089, 0.46
000158, 0.46
000402, 0.38
000404, 1.9
000505, 0.76
000536, 1.75
000537, 3.97
000540, 0.56
000553, 1.37
000563, 2.29
000565, 4.27
000593, 3.49
000600, 1.56
000601, 0.52
000622, 1.05
000628, 1.44
000633, 0.77
000665, 0.54
000667, 0.64
000705, 0.77
000718, 0.4
000726, 0.82
000739, 1.17
000786, 1.4
000800, 0.66
000816, 2.0
000851, 3.75
000890, 1.19
000899, 0.87
000926, 3.97
000976, 2.28
002003, 0.69
002005, 1.42
002006, 0.75
002009, 1.38
002017, 1.21
002020, 1.38
002044, 0.59
002063, 1.15
002069, 1.12
002073, 1.9
002079, 1.98
002081, 0.7
002083, 0.61
002084, 0.88
002092, 4.83
002118, 0.58
002122, 0.71
002126, 2.87
002133, 1.71
002135, 0.59
002137, 0.74
002139, 5.01
002146, 0.36
002155, 1.9
002156, 0.77
002158, 0.8
002177, 2.71
002181, 0.31
002191, 0.91
002211, 2.99
002218, 3.77
002228, 0.55
002232, 0.83
002285, 0.85
002303, 0.49
002309, 0.88
002327, 4.29
002334, 2.48
002336, 0.5
002337, 0.8
002342, 1.79
002348, 1.53
002375, 0.41
002376, 0.91
002381, 5.59
002382, 0.77
002403, 0.83
002420, 1.38
002421, 3.49
002431, 8.63
002449, 1.6
002457, 1.75
002472, 0.92
002482, 0.87
002502, 2.94
002523, 1.79
002531, 0.43
002538, 2.26
002550, 0.79
002565, 1.74
002566, 1.33
002586, 0.98
002587, 2.45
002593, 0.82
002641, 0.55
002650, 1.07
002655, 4.4
159901, 0
159902, 0
159919, 0
159922, 0
200018, 0.61
200521, 0.28
200530, 0.23
200541, 0.12
200553, 0.05
300002, 1.78
300013, 2.52
300039, 1.09
300040, 3.12
300066, 2.39
300074, 6.1
300084, 2.33
300087, 2.97
300102, 4.01
300108, 1.85
300126, 2.97
300139, 1.22
300150, 7.98
300154, 0.97
300165, 2.08
300193, 1.99
300198, 1.59
300261, 1.04
