600029, 0.58
600048, 0.59
600052, 1.99
600068, 2.8
600074, 1.09
600078, 3.51
600089, 2.4
600093, 1.74
600094, 0.36
600100, 1.0
600115, 0.72
600135, 2.29
600159, 1.6
600180, 0.35
600183, 1.06
600189, 2.72
600190, 0.62
600193, 1.96
600199, 5.39
600223, 2.02
600227, 1.32
600290, 1.39
600325, 1.24
600365, 1.64
600377, 0.07
600396, 0.6
600438, 0.6
600458, 0.71
600460, 0.99
600477, 1.6
600508, 1.93
600510, 1.5
600515, 2.8
600522, 2.26
600558, 5.75
600580, 0.32
600589, 1.1
600635, 1.79
600658, 0.45
600665, 0.98
600674, 0.36
600684, 1.2
600690, 0.54
600693, 0.5
600695, 1.48
600716, 4.18
600731, 14.28
600780, 0.74
600791, 3.68
600806, 0.19
600823, 0.36
600866, 1.23
600873, 2.76
600882, 1.1
600960, 0.78
600965, 0.85
600971, 2.38
600978, 0.97
600983, 0.9
601028, 0.95
601111, 0.83
601188, 0.82
601225, 0.39
601231, 0.46
601313, 0.97
601369, 0.39
601567, 1.06
601886, 0.5
603011, 2.42
603077, 0.59
603366, 0.98
000040, 1.47
000043, 1.9
000089, 0.52
000090, 0.97
000158, 0.46
000402, 0.52
000425, 1.62
000505, 0.93
000506, 5.29
000521, 2.57
000536, 1.73
000537, 2.9
000540, 0.51
000551, 3.92
000593, 3.2
000600, 0.73
000622, 0.86
000628, 2.32
000665, 0.95
000679, 0.89
000680, 28.64
000718, 0.6
000735, 3.25
000739, 1.17
000786, 2.61
000816, 1.36
000851, 3.5
000899, 1.01
000903, 0.12
000926, 3.95
000933, 1.05
000950, 0.76
000976, 1.31
000978, 2.62
002020, 1.46
002031, 4.28
002044, 0.42
002063, 2.1
002073, 1.48
002079, 2.35
002081, 0.64
002083, 0.64
002084, 1.61
002096, 1.18
002118, 0.79
002121, 1.71
002122, 0.79
002126, 2.09
002137, 1.17
002139, 5.07
002155, 3.39
002156, 1.2
002158, 0.82
002177, 2.71
002181, 0.31
002191, 0.91
002211, 4.27
002218, 9.26
002228, 0.97
002239, 1.29
002244, 0.81
002285, 0.87
002297, 6.84
002309, 0.9
002327, 3.36
002334, 2.99
002336, 0.58
002337, 0.87
002342, 2.18
002348, 1.53
002376, 1.43
002381, 4.79
002382, 0.7
002403, 1.04
002431, 8.63
002457, 1.54
002472, 1.39
002474, 2.07
002482, 0.87
002496, 1.74
002502, 2.94
002523, 1.51
002531, 0.3
002536, 1.04
002538, 2.26
002550, 0.79
002565, 1.02
002566, 1.4
002586, 0.91
002587, 2.59
002593, 1.15
002641, 0.55
002650, 1.06
002655, 4.4
002708, 5.07
159901, 0
159902, 0
159919, 0
159922, 0
200018, 0.81
200022, 0.18
200055, 0.43
200521, 0.1
200530, 0.1
200541, 0.12
200553, 0.08
300002, 2.77
300013, 2.52
300040, 4.13
300064, 1.1
300066, 2.39
300074, 4.19
300084, 1.91
300102, 4.01
300139, 1.22
300150, 11.01
300154, 1.02
300165, 2.08
300193, 3.0
300198, 1.72
300228, 2.12
300241, 2.06
300259, 1.26
300261, 0.53
300272, 0.86
300290, 1.6
300305, 1.65
300332, 1.19
300370, 1.2
