600015, 0.42
600020, 0.74
600026, 0.61
600027, 0.28
600031, 0.23
600048, 0.48
600077, 1.24
600126, 1.4
600191, 0.9
600215, 5.84
600216, 4.74
600227, 1.38
600234, 0.68
600236, 0.87
600267, 1.77
600269, 0.79
600275, 7.34
600284, 1.23
600346, 0.88
600348, 2.74
600350, 0.41
600353, 3.1
600376, 1.04
600422, 1.31
600426, 0.91
600449, 2.3
600503, 7.96
600508, 1.62
600546, 0.76
600578, 0.28
600603, 0.83
600611, 3.4
600618, 1.25
600635, 1.62
600642, 0.44
600674, 0.54
600684, 2.04
600720, 3.28
600723, 0.52
600725, 0.46
600726, 1.49
600810, 1.55
600820, 2.52
600824, 1.65
600825, 1.54
600844, 1.68
600900, 0.18
600971, 3.69
600997, 2.35
601058, 5.15
601139, 0.2
601158, 0.42
601188, 0.46
601199, 1.43
601636, 5.9
601668, 0.44
601699, 2.23
601727, 0.19
601801, 0.76
601818, 0.09
601898, 0.28
601918, 0.97
601988, 0.03
000011, 8.45
000016, 3.04
000030, 0.45
000090, 1.42
000507, 1.79
000533, 1.01
000539, 0.27
000564, 3.08
000597, 0.86
000598, 1.3
000600, 1.45
000659, 3.82
000677, 1.6
000690, 1.68
000709, 1.39
000830, 1.49
000856, 0.51
000862, 1.03
000863, 0.64
000897, 1.61
000900, 0.58
000937, 1.73
000959, 6.89
000983, 3.75
002078, 2.18
002087, 2.53
002099, 2.32
002128, 2.68
002133, 4.33
002146, 0.53
002187, 1.85
002264, 1.67
002277, 1.5
002302, 1.89
002303, 2.83
002305, 0.57
002332, 2.39
002397, 4.45
002419, 0.68
002493, 0.81
002561, 1.52
002665, 0.57
200012, 0.37
200016, 0.48
200030, 0.19
200429, 0.42
200488, 0.27
200541, 0.25
300091, 1.21
