600039, 1.22
600051, 2.39
600067, 1.81
600093, 1.93
600103, 0.96
600121, 3.01
600127, 5.94
600159, 4.36
600215, 3.72
600216, 3.38
600223, 2.08
600226, 3.18
600249, 4.44
600257, 6.99
600268, 1.3
600361, 1.44
600409, 0.87
600448, 4.58
600462, 1.56
600505, 1.26
600508, 1.45
600540, 3.35
600546, 0.57
600558, 2.09
600561, 1.84
600573, 1.98
600643, 4.31
600664, 0.31
600665, 2.04
600727, 3.09
600743, 2.2
600747, 5.14
600751, 1.54
600778, 2.16
600791, 2.95
600792, 1.1
600810, 1.87
600844, 2.67
600857, 1.99
600868, 11.91
600967, 2.76
600985, 3.89
600992, 2.9
601038, 1.31
601177, 2.33
601188, 0.86
601339, 0.85
601515, 0.5
601666, 2.07
601898, 0.17
601968, 12.27
603300, 5.07
000153, 2.72
000157, 1.07
000338, 1.36
000509, 3.18
000510, 5.74
000529, 1.87
000548, 3.5
000554, 9.71
000557, 2.23
000585, 4.73
000589, 1.85
000597, 1.89
000622, 1.09
000632, 3.91
000636, 3.48
000702, 2.0
000705, 3.09
000707, 3.98
000729, 0.34
000782, 3.68
000801, 1.34
000809, 2.46
000811, 2.28
000822, 1.54
000830, 1.99
000900, 0.89
000993, 1.67
001696, 2.07
002040, 2.49
002042, 1.09
002092, 7.7
002097, 3.21
002109, 3.16
002132, 2.5
002164, 3.43
002220, 4.17
002240, 4.12
002243, 3.54
002272, 7.23
002331, 4.43
002336, 0.71
002375, 1.64
002386, 4.01
002420, 1.94
002480, 1.38
002493, 0.55
002497, 1.72
002523, 1.78
002549, 1.15
002554, 14.06
002565, 2.06
002585, 1.75
002663, 2.98
002692, 1.73
200011, 3.9
200019, 2.3
200058, 0.39
200512, 0.15
200570, 0.33
200613, 0.09
200726, 0.09
300022, 4.09
300029, 2.94
300083, 2.0
300129, 5.28
300155, 3.51
300164, 3.31
300181, 3.94
300192, 3.51
300214, 6.98
300217, 1.75
300225, 4.97
300249, 0.99
300261, 1.05
300283, 5.31
