600008, 0.93
600010, 0.23
600029, 0.84
600051, 1.27
600067, 0.34
600077, 0.33
600078, 1.5
600080, 1.29
600084, 7.35
600089, 0.69
600093, 1.44
600094, 0.42
600100, 1.03
600101, 1.41
600115, 1.9
600116, 1.64
600121, 1.09
600135, 1.38
600141, 1.59
600159, 3.42
600185, 0.26
600189, 2.62
600199, 3.99
600208, 2.46
600210, 1.76
600223, 0.55
600227, 0.92
600229, 0.65
600240, 0.74
600255, 1.51
600261, 0.41
600266, 0.7
600280, 1.07
600289, 1.33
600290, 1.07
600302, 0.99
600337, 5.06
600339, 0.74
600353, 1.35
600356, 3.61
600359, 6.93
600365, 0.98
600376, 0.78
600377, 0.05
600386, 1.21
600396, 0.27
600405, 0.99
600448, 2.45
600458, 0.52
600460, 0.48
600470, 2.05
600488, 0.34
600499, 0.7
600503, 1.34
600505, 1.44
600515, 0.36
600516, 1.24
600517, 0.46
600540, 3.43
600561, 1.45
600575, 0.68
600589, 3.01
600596, 2.3
600597, 0.43
600601, 0.51
600624, 1.5
600635, 1.24
600644, 2.5
600658, 0.56
600683, 0.38
600695, 0.64
600705, 0.67
600707, 1.28
600712, 0.56
600717, 0.45
600719, 1.22
600722, 3.84
600728, 2.05
600731, 5.19
600738, 1.2
600744, 0.42
600761, 1.43
600770, 0.6
600780, 0.24
600797, 1.17
600806, 1.75
600828, 9.02
600831, 0.84
600846, 0.85
600862, 0.64
600864, 1.85
600866, 0.84
600869, 1.58
600880, 1.6
600882, 0.5
600894, 0.44
600965, 0.39
600981, 1.13
600983, 0.85
600985, 5.43
600987, 0.52
601012, 0.89
601111, 0.44
601139, 0.17
601199, 0.53
601208, 1.59
601222, 0.82
601225, 0.3
601231, 0.19
601313, 0.9
601398, 0.02
601567, 0.12
601579, 0.99
601608, 0.4
601777, 0.62
601886, 0.19
601996, 11.46
603002, 1.94
603015, 1.7
603077, 0.93
603123, 0.43
603167, 0.75
603618, 2.23
000009, 0.84
000021, 0.42
000030, 0.4
000043, 1.35
000068, 0.53
000069, 0.37
000089, 0.36
000090, 0.96
000099, 1.77
000402, 0.52
000409, 1.29
000410, 0.86
000415, 0.4
000417, 2.56
000419, 1.39
000421, 1.11
000429, 2.04
000505, 0.87
000507, 1.65
000510, 1.72
000520, 2.59
000530, 1.84
000540, 0.29
000551, 3.16
000559, 0.31
000563, 3.07
000564, 1.4
000565, 2.21
000620, 0.27
000628, 0.83
000632, 3.1
000652, 1.45
000680, 4.61
000705, 0.88
000713, 0.86
000717, 0.61
000726, 1.34
000731, 5.31
000735, 1.78
000739, 0.96
000756, 3.18
000759, 0.61
000785, 0.76
000790, 0.85
000800, 0.85
000810, 0.69
000816, 0.96
000831, 0.87
000835, 1.23
000836, 3.2
000851, 1.29
000862, 0.99
000863, 0.3
000888, 1.02
000890, 1.12
000899, 1.52
000908, 0.48
000919, 0.19
000926, 1.62
000933, 0.98
000950, 0.61
000955, 0.73
000962, 2.06
000978, 1.33
002003, 0.6
002004, 0.41
002006, 0.98
002009, 1.19
002017, 0.98
002020, 1.01
002023, 1.15
002026, 2.79
002031, 0.93
002033, 0.83
002054, 2.1
002056, 0.8
002063, 1.06
002064, 0.72
002067, 1.56
002071, 1.15
002073, 0.51
002076, 1.03
002079, 0.86
002081, 0.35
002083, 0.46
002084, 0.78
002087, 1.35
002091, 0.86
002093, 2.4
002097, 5.38
002104, 0.51
002116, 0.35
002121, 0.71
002123, 0.62
002131, 2.52
002133, 1.47
002135, 0.98
002137, 0.77
002139, 1.64
002156, 0.45
002158, 0.4
002161, 0.48
002181, 0.22
002187, 0.92
002194, 1.02
002218, 1.59
002225, 0.81
002226, 2.83
002228, 0.89
002232, 0.52
002240, 3.01
002243, 0.52
002245, 2.62
002249, 1.34
002256, 1.88
002267, 0.29
002270, 0.86
002276, 0.89
002288, 1.04
002293, 0.28
002296, 0.77
002297, 3.72
002298, 0.92
002303, 0.35
002310, 0.95
002327, 2.53
002328, 1.51
002332, 1.44
002337, 0.66
002345, 0.81
002348, 1.7
002375, 0.69
002376, 1.39
002392, 1.74
002402, 3.81
002403, 0.74
002413, 0.91
002416, 0.59
002421, 0.94
002429, 1.25
002433, 1.45
002441, 0.71
002442, 0.28
002448, 1.46
002454, 0.76
002457, 0.77
002461, 1.34
002463, 0.99
002465, 0.74
002472, 0.63
002474, 1.42
002496, 2.03
002497, 0.8
002501, 1.47
002510, 1.77
002516, 1.04
002527, 1.14
002531, 0.19
002532, 0.5
002533, 0.88
002536, 0.59
002545, 2.44
002548, 0.56
002559, 0.99
002565, 0.58
002566, 0.88
002570, 0.83
002583, 0.71
002586, 0.47
002593, 0.57
002637, 1.62
002639, 4.15
002641, 0.34
002655, 2.79
002666, 0.52
002682, 1.36
002688, 0.69
002689, 1.0
002693, 1.04
002707, 1.55
002708, 2.04
002743, 2.19
002770, 3.87
159901, 0
159902, 0
159909, 0
159911, 0
159922, 0
159927, 0
200018, 0.05
200022, 0.09
200030, 0.04
200429, 0.4
200468, 0.07
200521, 0.04
200541, 0.13
200706, 0.22
200771, 0.11
300002, 0.76
300004, 0.54
300018, 0.83
300019, 1.91
300027, 0.91
300039, 0.7
300040, 5.88
300041, 1.73
300045, 0.49
300048, 0.74
300050, 1.53
300053, 1.3
300074, 1.43
300079, 1.05
300087, 0.85
300092, 0.87
300094, 0.61
300095, 0.83
300102, 2.44
300105, 1.41
300108, 0.93
300112, 1.24
300126, 3.69
300131, 4.26
300132, 0.63
300139, 1.42
300146, 0.48
300147, 0.54
300154, 0.62
300155, 1.27
300157, 1.34
300162, 1.06
300193, 1.67
300198, 3.09
300207, 3.02
300211, 0.79
300214, 1.3
300232, 1.27
300241, 2.0
300256, 2.73
300259, 0.48
300263, 1.03
300267, 0.45
300270, 1.59
300274, 0.58
300283, 1.03
300287, 1.06
300289, 1.24
300290, 1.19
300297, 0.88
300305, 1.16
300318, 0.63
300325, 0.44
300326, 0.9
300328, 0.68
300370, 1.22
