600004, 1.09
600008, 1.49
600021, 1.94
600026, 0.56
600039, 0.69
600057, 0.51
600077, 1.7
600091, 0.6
600098, 0.45
600103, 3.07
600121, 0.61
600125, 0.63
600126, 2.42
600143, 0.56
600159, 1.75
600165, 1.83
600169, 1.12
600219, 1.98
600223, 3.48
600273, 9.02
600290, 1.0
600335, 2.4
600337, 1.37
600346, 1.08
600352, 0.99
600416, 1.27
600439, 1.36
600505, 1.0
600507, 0.82
600546, 0.5
600572, 0.88
600596, 6.63
600597, 1.0
600603, 1.01
600608, 1.02
600693, 3.81
600720, 1.33
600723, 0.68
600725, 1.72
600736, 1.68
600760, 0.94
600790, 1.74
600791, 1.72
600794, 2.07
600802, 1.67
600806, 1.01
600810, 2.32
600844, 1.04
600858, 1.06
600970, 0.99
601007, 1.55
601028, 1.84
601188, 0.97
601199, 1.04
601398, 0.05
601669, 0.27
601727, 0.25
601857, 0.01
000030, 0.37
000036, 1.51
000157, 0.61
000422, 4.96
000516, 1.33
000528, 1.23
000546, 2.11
000564, 1.86
000597, 1.69
000601, 1.2
000667, 2.5
000671, 1.06
000709, 1.8
000753, 1.51
000759, 0.62
000786, 1.13
000856, 0.57
000877, 3.4
000898, 0.44
000928, 1.43
000993, 1.39
002020, 6.21
002050, 0.96
002132, 4.33
002187, 1.12
002204, 1.01
002216, 0.67
002221, 0.73
002277, 1.31
002305, 1.03
002307, 1.15
002317, 2.92
002360, 4.42
002419, 0.63
002423, 0.67
002461, 0.64
002628, 2.75
002701, 3.28
159927, 0
200012, 0.23
200020, 0.79
200054, 0.1
200056, 0.18
200541, 0.28
300090, 4.93
300232, 0.97
300320, 2.81
