600004, 0.43
600010, 0.57
600011, 0.18
600012, 0.56
600019, 0.43
600029, 0.66
600035, 0.33
600050, 0.95
600051, 0.99
600070, 0.83
600076, 1.67
600077, 0.77
600080, 0.95
600093, 1.1
600101, 12.86
600105, 1.44
600111, 1.39
600115, 0.94
600116, 5.13
600122, 1.62
600123, 2.18
600133, 1.61
600139, 0.84
600141, 4.62
600159, 0.95
600160, 1.37
600168, 0.75
600180, 0.54
600185, 0.33
600187, 4.97
600189, 2.21
600193, 1.93
600203, 1.16
600206, 1.69
600208, 0.2
600210, 1.35
600216, 1.09
600218, 2.92
600221, 0.58
600223, 0.6
600229, 1.15
600235, 1.05
600237, 1.4
600240, 1.51
600255, 6.54
600261, 0.62
600268, 1.2
600269, 0.73
600277, 1.16
600280, 0.84
600285, 1.33
600287, 2.0
600289, 1.09
600290, 1.33
600292, 0.74
600295, 1.3
600302, 1.4
600321, 2.03
600323, 0.85
600336, 0.95
600337, 1.18
600350, 0.2
600355, 4.4
600356, 1.49
600365, 1.15
600376, 0.4
600377, 0.05
600380, 1.24
600386, 2.17
600388, 1.44
600403, 0.19
600410, 0.89
600422, 0.68
600432, 2.27
600448, 1.57
600458, 1.21
600461, 1.13
600468, 0.56
600470, 3.44
600499, 0.88
600515, 1.15
600516, 2.5
600517, 0.55
600530, 1.06
600531, 2.0
600546, 0.83
600548, 0.22
600561, 2.5
600567, 1.29
600575, 2.41
600581, 3.42
600583, 1.06
600596, 4.44
600597, 0.42
600601, 0.75
600613, 0.68
600616, 1.58
600619, 1.49
600624, 0.89
600635, 1.2
600643, 1.77
600683, 0.36
600690, 0.85
600704, 3.37
600708, 1.48
600719, 4.4
600722, 4.06
600730, 0.98
600731, 4.04
600737, 1.51
600744, 0.75
600748, 0.6
600757, 0.58
600761, 1.52
600770, 1.07
600776, 0.37
600780, 0.99
600787, 1.38
600790, 0.85
600791, 0.76
600794, 0.67
600803, 1.46
600805, 0.95
600810, 2.41
600812, 0.41
600831, 0.57
600846, 1.07
600864, 0.74
600866, 1.99
600869, 0.26
600874, 0.75
600880, 1.39
600882, 1.0
600894, 0.87
600917, 3.34
600959, 1.01
600975, 1.41
600978, 0.77
600981, 5.16
601012, 0.66
601058, 0.79
601111, 0.35
601158, 0.15
601186, 0.61
601188, 1.11
601199, 0.7
601218, 1.01
601222, 0.54
601339, 0.29
601398, 0.02
601567, 0.41
601588, 0.91
601599, 1.27
601678, 1.31
601718, 0.8
601808, 0.2
601872, 0.65
601886, 0.33
601918, 1.48
601928, 0.3
601929, 0.37
601933, 0.8
601999, 1.07
603015, 1.21
603023, 1.64
603077, 0.51
603128, 1.0
603618, 1.92
603901, 1.47
900905, 0.07
000035, 1.85
000036, 1.31
000046, 0.14
000068, 0.52
000069, 0.2
000078, 0.86
000089, 0.36
000090, 0.52
000099, 0.97
000157, 0.99
000158, 2.49
000404, 2.04
000407, 1.38
000409, 2.04
000417, 0.88
000421, 1.07
000426, 2.63
000430, 1.56
000510, 5.57
000511, 7.0
000531, 0.74
000537, 1.89
000539, 0.63
000540, 1.82
000551, 2.02
000564, 12.21
000565, 2.43
000571, 0.62
000573, 1.96
000598, 0.81
000610, 2.12
000628, 2.17
000632, 1.8
000650, 1.42
000652, 2.01
000665, 0.53
000680, 12.88
000692, 1.14
000698, 4.93
000705, 1.07
000713, 1.5
000717, 0.51
000718, 0.45
000719, 2.14
000721, 2.61
000726, 1.13
000756, 0.74
000760, 0.91
000793, 3.08
000800, 1.22
000816, 1.17
000833, 1.96
000851, 1.8
000856, 1.54
000859, 5.01
000861, 0.45
000890, 1.08
000897, 2.03
000899, 0.49
000908, 1.21
000919, 0.52
000926, 2.13
000932, 0.5
000936, 0.87
000939, 1.18
000961, 1.2
000965, 1.28
000969, 2.06
000973, 1.45
000978, 1.22
002003, 0.55
002004, 0.97
002009, 1.74
002011, 0.66
002020, 1.23
002023, 1.17
002026, 1.0
002029, 0.62
002033, 0.79
002047, 0.46
002050, 0.45
002054, 0.84
002056, 1.91
002062, 2.41
002063, 1.52
002067, 2.28
002069, 1.07
002071, 2.37
002073, 0.59
002081, 0.82
002083, 0.5
002084, 2.13
002087, 1.03
002091, 0.83
002093, 0.45
002099, 1.1
002100, 1.23
002102, 1.07
002104, 0.94
002106, 2.07
002107, 0.9
002109, 1.81
002116, 0.64
002121, 0.66
002124, 2.17
002127, 0.85
002133, 1.48
002135, 0.85
002137, 0.99
002139, 1.82
002145, 12.92
002156, 0.37
002158, 0.63
002160, 1.89
002161, 0.68
002164, 1.98
002165, 0.73
002170, 1.04
002176, 2.45
002181, 0.45
002183, 0.84
002185, 0.99
002194, 0.92
002215, 1.26
002218, 0.73
002219, 0.64
002224, 2.21
002225, 2.06
002232, 0.78
002237, 1.51
002238, 0.46
002243, 0.75
002249, 0.61
002255, 3.99
002256, 0.78
002261, 0.72
002267, 0.48
002269, 0.67
002270, 1.37
002274, 3.2
002288, 1.75
002293, 0.13
002298, 1.09
002303, 1.0
002305, 0.71
002308, 0.53
002312, 3.89
002317, 0.77
002327, 0.79
002328, 3.01
002329, 3.75
002337, 0.55
002344, 0.61
002360, 2.16
002369, 2.47
002376, 1.11
002385, 0.47
002403, 0.69
002416, 0.66
002433, 2.24
002448, 2.44
002454, 0.63
002457, 1.4
002471, 0.85
002472, 0.83
002474, 1.56
002477, 0.51
002483, 8.18
002494, 3.83
002497, 1.37
002501, 1.96
002504, 3.29
002505, 0.94
002506, 0.67
002510, 1.32
002516, 1.94
002520, 1.21
002527, 1.15
002531, 0.4
002532, 0.52
002533, 1.04
002536, 0.93
002540, 0.67
002548, 0.73
002550, 0.44
002559, 0.98
002565, 0.72
002566, 1.33
002574, 0.84
002584, 1.14
002586, 0.44
002593, 0.97
002598, 1.52
002607, 2.39
002637, 1.92
002641, 0.26
002644, 0.7
002654, 1.38
002682, 0.9
002689, 0.63
002707, 1.89
159902, 0
159911, 0
159922, 0
159927, 0
200011, 0.17
200018, 0.19
200020, 0.05
200025, 0.24
200030, 0.74
200037, 0.25
200429, 0.5
200468, 0.13
200521, 0.08
200530, 0.08
200539, 0.39
200541, 0.19
200570, 0.13
200706, 0.17
300018, 2.68
300025, 1.23
300026, 0.94
300027, 1.27
300029, 1.99
300039, 1.16
300040, 3.24
300041, 2.36
300043, 1.49
300045, 0.94
300048, 0.95
300050, 1.06
300058, 1.22
300066, 1.47
300067, 3.86
300074, 1.48
300079, 0.76
300087, 0.89
300092, 1.4
300102, 2.33
300108, 0.98
300112, 1.72
300126, 1.88
300146, 0.57
300147, 0.76
300152, 3.74
300154, 0.7
300155, 0.78
300157, 1.25
300162, 1.69
300165, 2.3
300170, 1.63
300172, 3.45
300193, 3.43
300207, 1.34
300211, 1.27
300214, 1.41
300219, 1.33
300241, 1.7
300249, 0.6
300255, 0.84
300256, 3.51
300259, 0.78
300270, 1.28
300272, 0.84
300274, 1.18
300287, 1.46
300289, 0.62
300290, 1.53
300292, 1.81
300307, 0.94
300316, 0.53
300318, 1.57
300326, 0.68
300328, 0.94
300329, 1.12
300370, 2.15
300390, 4.43
