600006, 0.61
600010, 0.63
600011, 0.13
600015, 0.25
600017, 0.79
600020, 0.84
600023, 0.22
600026, 1.0
600027, 0.47
600029, 2.77
600031, 0.6
600033, 1.14
600035, 0.43
600048, 0.35
600057, 0.53
600063, 1.39
600067, 0.45
600070, 2.35
600074, 0.8
600076, 1.06
600077, 0.5
600078, 1.65
600084, 3.07
600093, 1.55
600095, 2.67
600100, 0.88
600103, 1.94
600108, 0.99
600109, 0.99
600111, 0.57
600121, 0.6
600122, 1.41
600123, 1.52
600133, 1.38
600153, 0.59
600156, 0.55
600157, 0.31
600159, 0.68
600160, 1.91
600162, 0.69
600163, 1.33
600166, 0.54
600168, 0.68
600175, 1.1
600177, 0.27
600180, 0.37
600185, 0.6
600187, 1.59
600190, 0.28
600192, 5.02
600203, 0.69
600206, 1.72
600207, 1.33
600208, 0.15
600210, 0.6
600218, 1.31
600220, 0.47
600221, 2.15
600222, 1.24
600223, 0.86
600227, 3.36
600235, 1.28
600236, 0.17
600240, 0.6
600243, 2.43
600252, 0.77
600255, 1.4
600261, 0.8
600269, 0.86
600273, 1.76
600277, 2.05
600283, 2.41
600289, 1.17
600295, 1.0
600300, 0.54
600302, 2.35
600310, 1.26
600317, 0.2
600319, 1.61
600321, 2.51
600327, 1.23
600330, 1.92
600348, 1.65
600350, 0.23
600352, 0.5
600354, 1.88
600355, 3.81
600356, 1.48
600360, 1.04
600361, 1.39
600365, 1.87
600367, 2.13
600369, 0.27
600376, 0.31
600377, 0.08
600380, 0.42
600386, 1.52
600388, 0.8
600395, 0.97
600397, 1.55
600405, 0.74
600432, 1.04
600448, 1.24
600460, 0.49
600461, 1.17
600467, 1.58
600478, 0.27
600489, 1.79
600495, 2.2
600496, 3.56
600499, 0.55
600503, 1.79
600508, 0.81
600510, 0.46
600512, 1.81
600516, 1.0
600526, 1.91
600531, 2.51
600537, 1.2
600546, 0.38
600548, 0.32
600550, 0.72
600555, 0.99
600558, 2.11
600567, 1.88
600575, 0.62
600578, 0.19
600581, 0.95
600582, 0.44
600583, 0.55
600586, 2.58
600597, 0.24
600606, 0.87
600611, 0.47
600613, 1.2
600623, 0.83
600624, 2.22
600635, 0.46
600642, 0.29
600644, 1.62
600653, 0.42
600658, 0.74
600665, 0.79
600674, 0.27
600683, 0.37
600684, 1.0
600688, 0.88
600690, 0.41
600695, 0.47
600704, 4.45
600705, 0.32
600708, 0.96
600712, 1.19
600713, 0.85
600719, 1.58
600724, 0.5
600726, 0.39
600727, 1.26
600731, 1.75
600738, 1.37
600743, 0.42
600748, 0.67
600751, 0.39
600755, 1.03
600757, 0.76
600761, 2.05
600770, 0.86
600776, 0.5
600780, 1.1
600784, 2.36
600790, 1.22
600791, 1.16
600795, 0.5
600798, 1.33
600805, 0.66
600806, 1.47
600810, 4.92
600811, 0.48
600812, 0.46
600823, 0.34
600824, 0.81
600825, 1.02
600831, 0.71
600839, 1.14
600846, 1.31
600853, 2.73
600862, 0.82
600863, 0.36
600866, 1.88
600869, 0.32
600873, 1.46
600874, 0.62
600877, 3.96
600881, 1.46
600882, 0.54
600886, 0.34
600894, 0.61
600900, 0.16
600959, 0.8
600960, 0.5
600975, 3.43
600978, 0.63
600982, 3.49
600987, 0.67
601001, 1.1
601002, 1.05
601018, 0.24
601058, 1.45
601101, 0.43
601111, 1.28
601126, 1.06
601139, 0.09
601158, 0.17
601169, 0.08
601199, 1.18
601208, 0.85
601216, 0.26
601218, 0.63
601225, 0.57
601231, 0.18
601288, 0.04
601313, 0.58
601328, 0.21
601339, 0.3
601368, 1.33
601369, 0.47
601377, 0.59
601398, 0.02
601515, 0.13
601518, 0.45
601555, 0.7
601579, 0.97
601588, 0.39
601599, 0.72
601608, 0.69
601616, 0.73
601636, 1.92
601669, 0.54
601718, 0.9
601766, 0.3
601789, 1.29
601808, 0.19
601818, 0.11
601866, 0.38
601872, 1.22
601898, 0.19
601899, 0.92
601918, 0.6
601928, 0.41
601929, 0.3
601939, 0.42
601985, 1.44
601988, 0.05
601998, 0.11
603002, 0.84
603012, 0.53
603015, 1.36
603123, 1.2
603128, 0.83
603167, 1.02
603366, 0.56
603618, 2.35
603901, 1.46
900905, 0.23
000001, 0.2
000016, 1.09
000021, 0.43
000026, 1.62
000027, 0.19
000030, 0.49
000035, 2.73
000036, 0.83
000037, 2.16
000040, 0.59
000046, 0.1
000069, 0.25
000078, 2.08
000088, 0.35
000089, 1.06
000090, 0.41
000099, 3.24
000100, 0.8
000157, 0.96
000301, 0.58
000402, 0.2
000404, 1.05
000415, 0.41
000417, 1.02
000419, 1.51
000420, 2.76
000421, 1.08
000426, 1.98
000429, 1.4
000430, 2.29
000498, 2.64
000510, 3.33
000520, 1.28
000521, 1.54
000523, 1.48
000529, 1.68
000537, 3.83
000539, 0.25
000540, 0.35
000541, 1.02
000543, 0.45
000545, 3.35
000551, 1.33
000552, 1.1
000557, 1.64
000559, 0.36
000564, 1.1
000571, 0.75
000589, 2.15
000591, 10.85
000592, 1.24
000598, 1.12
000599, 4.49
000600, 0.71
000601, 0.79
000610, 3.1
000611, 2.78
000616, 0.52
000627, 0.69
000631, 0.41
000632, 3.53
000650, 1.02
000652, 1.28
000667, 0.56
000671, 0.21
000685, 0.53
000686, 0.83
000692, 2.48
000700, 0.92
000705, 2.26
000709, 0.79
000719, 2.92
000720, 0.91
000721, 3.22
000726, 0.7
000729, 0.42
000739, 0.79
000751, 3.63
000756, 1.76
000767, 0.49
000783, 0.33
000785, 0.94
000793, 2.35
000816, 1.64
000828, 0.49
000830, 1.06
000831, 0.94
000848, 0.38
000859, 2.3
000861, 0.82
000863, 0.39
000868, 1.33
000876, 0.38
000882, 1.15
000883, 0.24
000886, 1.0
000888, 1.14
000897, 2.34
000898, 0.51
000900, 1.19
000908, 3.81
000917, 1.55
000919, 0.59
000927, 0.57
000930, 6.71
000936, 0.67
000959, 0.23
000968, 0.56
000969, 1.22
000976, 1.66
000978, 1.32
001696, 0.86
002002, 0.99
002003, 0.77
002011, 1.07
002017, 1.15
002020, 1.68
002023, 3.05
002024, 0.5
002026, 1.39
002028, 0.95
002029, 0.75
002031, 1.19
002033, 0.75
002044, 0.36
002047, 0.66
002050, 0.86
002056, 1.03
002060, 0.96
002067, 2.66
002069, 0.37
002078, 1.63
002079, 1.19
002081, 0.4
002083, 0.47
002084, 1.11
002097, 1.92
002099, 1.5
002100, 1.52
002106, 1.05
002109, 1.57
002116, 1.24
002118, 2.31
002124, 5.06
002127, 0.97
002128, 0.8
002135, 0.67
002139, 1.72
002145, 6.0
002152, 0.74
002155, 4.11
002158, 0.42
002160, 2.41
002172, 1.15
002177, 1.45
002187, 1.0
002191, 0.41
002194, 1.19
002204, 0.91
002214, 0.76
002215, 2.64
002218, 0.56
002228, 0.99
002232, 0.66
002237, 2.11
002238, 0.35
002245, 1.44
002254, 1.12
002255, 2.79
002256, 1.35
002266, 0.59
002267, 0.44
002269, 1.74
002270, 1.51
002283, 1.08
002285, 0.98
002288, 2.8
002293, 0.2
002309, 1.19
002317, 1.56
002318, 1.23
002327, 1.66
002328, 1.48
002334, 1.4
002336, 0.36
002369, 1.11
002375, 0.42
002376, 1.22
002381, 1.3
002392, 1.25
002402, 0.55
002403, 0.75
002404, 0.88
002421, 1.16
002428, 1.92
002431, 2.57
002433, 3.49
002436, 2.98
002441, 0.85
002442, 0.61
002448, 1.13
002452, 2.5
002454, 1.4
002457, 1.76
002461, 0.8
002463, 0.43
002467, 3.43
002470, 0.61
002471, 0.72
002474, 1.86
002477, 0.77
002495, 1.1
002497, 1.72
002498, 0.2
002501, 1.95
002505, 0.92
002510, 1.43
002516, 1.13
002520, 0.42
002523, 1.33
002531, 0.28
002532, 0.79
002535, 5.91
002536, 1.75
002540, 0.44
002548, 2.44
002550, 0.96
002566, 1.51
002570, 0.91
002574, 1.25
002586, 0.56
002587, 3.02
002593, 1.09
002598, 0.95
002607, 1.21
002610, 1.33
002613, 1.14
002634, 3.65
002637, 1.77
002641, 0.25
002654, 2.02
002663, 0.62
002665, 0.26
002666, 0.61
002671, 0.85
002682, 0.8
002687, 1.54
002688, 1.06
002689, 2.29
002693, 0.65
002701, 1.1
002708, 1.48
159901, 0
159902, 0
159911, 0
159919, 0
159922, 0
159927, 0
200020, 0.12
200025, 0.22
200026, 0.16
200030, 0.14
200037, 0.41
200429, 0.24
200521, 0.21
200539, 0.14
200541, 0.09
200625, 0.31
200706, 0.07
300002, 0.92
300006, 0.99
300018, 1.12
300026, 2.72
300029, 3.69
300039, 2.59
300040, 3.3
300043, 3.42
300045, 1.49
300048, 1.5
300058, 2.54
300066, 1.88
300074, 1.66
300079, 1.22
300092, 2.19
300102, 1.13
300107, 1.56
300108, 1.13
300112, 1.26
300117, 0.63
300131, 1.21
300139, 1.8
300146, 0.87
300152, 1.98
300154, 1.29
300157, 2.23
300165, 1.48
300172, 3.0
300181, 1.75
300185, 1.42
300193, 2.85
300198, 1.66
300214, 1.97
300217, 0.96
300219, 1.82
300240, 1.56
300255, 0.51
300256, 7.11
300264, 1.56
300267, 0.19
300270, 2.77
300274, 1.79
300277, 1.54
300290, 1.47
300297, 0.78
300303, 1.64
300305, 1.08
300307, 1.04
300316, 0.58
300318, 1.76
300328, 0.82
300390, 2.72
