600015, 0.39
600031, 0.81
600033, 0.65
600057, 0.94
600063, 2.02
600067, 0.85
600068, 1.16
600078, 4.4
600080, 2.03
600086, 2.58
600096, 1.26
600106, 1.86
600111, 1.31
600143, 2.96
600156, 1.28
600157, 1.02
600162, 0.9
600193, 3.07
600206, 2.03
600207, 1.05
600208, 0.47
600218, 3.84
600220, 1.81
600222, 4.48
600225, 3.37
600235, 3.14
600252, 5.71
600261, 0.61
600308, 3.57
600311, 2.13
600354, 5.35
600356, 0.91
600361, 0.8
600392, 2.71
600393, 0.59
600397, 1.94
600398, 0.36
600405, 4.21
600425, 2.05
600429, 0.44
600438, 0.5
600449, 1.4
600469, 0.49
600470, 5.55
600497, 2.47
600509, 1.18
600527, 1.41
600531, 2.51
600533, 1.31
600540, 1.89
600548, 0.71
600567, 1.24
600575, 0.56
600595, 1.78
600610, 4.37
600616, 2.98
600617, 1.76
600641, 1.24
600642, 0.55
600655, 0.73
600664, 0.29
600676, 1.67
600683, 0.71
600691, 6.53
600711, 2.4
600712, 4.69
600720, 1.91
600723, 0.7
600727, 2.31
600738, 1.24
600744, 1.3
600757, 1.18
600778, 1.71
600780, 0.51
600789, 3.86
600790, 3.05
600791, 1.8
600798, 1.88
600801, 1.08
600805, 1.27
600810, 1.06
600812, 0.7
600819, 1.36
600824, 1.03
600828, 1.2
600854, 1.51
600858, 0.61
600860, 2.41
600864, 1.05
600865, 1.54
600880, 1.64
600881, 1.13
600882, 0.87
600888, 2.34
600889, 1.67
600891, 2.43
600966, 1.3
600981, 3.45
600982, 2.14
601002, 4.79
601006, 0.29
601008, 1.31
601009, 0.55
601010, 4.08
601016, 1.29
601107, 0.38
601113, 0.78
601117, 0.91
601126, 1.13
601139, 0.18
601168, 1.26
601169, 0.19
601218, 1.73
601231, 0.34
601328, 0.17
601368, 3.79
601377, 1.12
601515, 0.27
601636, 1.53
601666, 1.83
601717, 1.19
601777, 1.32
601818, 0.21
601886, 0.8
601899, 0.97
601901, 1.3
601928, 0.67
601939, 1.15
601958, 0.4
603002, 1.81
603015, 4.35
603333, 2.06
603366, 0.81
603969, 3.21
603993, 0.29
000060, 2.11
000153, 1.72
000159, 1.32
000166, 0.55
000301, 1.48
000417, 1.06
000429, 1.27
000506, 1.39
000509, 7.59
000514, 1.56
000523, 4.65
000530, 2.0
000537, 1.28
000557, 2.19
000572, 1.45
000601, 0.96
000619, 1.87
000650, 1.52
000672, 1.49
000673, 1.76
000692, 1.23
000713, 2.61
000737, 3.49
000750, 1.69
000751, 4.1
000753, 1.97
000756, 6.11
000759, 0.55
000782, 2.71
000783, 1.3
000788, 0.46
000793, 1.2
000822, 2.38
000830, 2.49
000831, 1.23
000850, 1.81
000856, 0.78
000859, 3.75
000868, 1.63
000906, 1.13
000931, 1.76
000955, 7.62
000969, 3.52
000978, 2.19
000981, 0.36
002021, 1.24
002026, 0.99
002028, 2.45
002086, 2.53
002097, 3.94
002109, 1.23
002145, 4.28
002146, 0.86
002154, 8.5
002187, 0.79
002195, 2.34
002214, 1.58
002215, 1.13
002216, 0.71
002231, 3.25
002248, 16.08
002269, 0.86
002277, 2.7
002293, 0.82
002302, 1.17
002328, 3.21
002334, 4.22
002337, 3.26
002342, 7.97
002344, 4.06
002345, 0.56
002363, 1.83
002369, 2.53
002388, 1.57
002392, 5.03
002397, 1.24
002398, 1.17
002419, 0.92
002420, 1.14
002451, 1.18
002453, 3.25
002457, 2.51
002461, 1.22
002469, 2.33
002484, 1.04
002500, 3.11
002520, 1.18
002521, 2.62
002531, 1.55
002535, 3.8
002540, 1.25
002542, 1.04
002561, 0.79
002579, 2.01
002598, 2.4
002600, 4.82
002604, 4.23
002607, 1.96
002641, 0.69
002687, 9.22
002770, 3.26
200017, 0.08
200019, 0.67
200026, 0.71
200613, 0.01
300039, 1.77
300102, 3.8
300135, 4.05
300147, 1.18
300169, 6.27
300175, 2.82
300181, 6.68
300193, 4.99
300211, 3.15
300214, 2.19
300217, 2.2
300239, 1.74
300255, 2.4
300256, 4.86
300283, 2.14
300305, 2.46
300345, 5.9
300390, 4.43
