600004, 0.68
600012, 0.34
600015, 0.39
600017, 0.54
600019, 0.16
600023, 0.45
600031, 0.4
600033, 0.28
600039, 0.54
600059, 0.62
600067, 0.78
600078, 1.71
600082, 1.2
600086, 0.67
600095, 1.03
600106, 1.41
600108, 1.56
600109, 1.92
600123, 1.38
600133, 1.76
600143, 0.42
600151, 0.44
600156, 1.13
600157, 0.48
600170, 0.41
600199, 1.73
600208, 0.34
600210, 0.79
600215, 1.81
600220, 0.59
600222, 1.61
600223, 1.42
600237, 8.85
600251, 1.06
600252, 0.8
600256, 0.28
600266, 0.52
600269, 0.5
600277, 0.74
600281, 2.83
600311, 2.43
600313, 1.85
600327, 2.4
600356, 0.98
600362, 0.72
600369, 0.79
600377, 0.05
600393, 1.13
600395, 1.31
600399, 1.44
600403, 0.21
600416, 0.71
600423, 2.06
600429, 0.4
600439, 2.45
600449, 1.01
600467, 1.62
600470, 4.04
600509, 2.03
600533, 0.8
600540, 1.79
600546, 0.85
600548, 0.3
600555, 1.92
600567, 0.49
600572, 0.65
600582, 0.37
600583, 0.29
600595, 4.49
600598, 0.6
600616, 0.7
600643, 2.05
600658, 1.19
600674, 0.46
600676, 0.62
600691, 1.07
600695, 1.88
600717, 0.56
600719, 2.64
600720, 1.53
600723, 0.36
600747, 2.32
600759, 1.82
600761, 0.9
600769, 0.86
600776, 1.24
600778, 2.08
600780, 0.48
600784, 1.76
600791, 1.75
600792, 1.13
600798, 1.58
600802, 1.66
600807, 7.52
600811, 0.58
600812, 0.33
600815, 1.24
600820, 0.72
600823, 0.44
600824, 0.36
600827, 0.45
600828, 2.0
600834, 0.49
600841, 0.58
600846, 1.37
600851, 0.71
600854, 0.82
600860, 1.24
600863, 0.34
600864, 0.81
600865, 1.82
600866, 1.97
600873, 0.55
600881, 0.66
600882, 0.71
600961, 2.75
600966, 0.83
600967, 1.2
600970, 0.88
600973, 2.1
600982, 1.29
600984, 0.69
601000, 0.28
601003, 0.34
601006, 0.17
601007, 3.1
601009, 0.39
601010, 0.72
601058, 1.41
601107, 0.33
601117, 0.35
601118, 0.56
601168, 0.96
601169, 0.29
601179, 0.21
601208, 0.81
601233, 1.56
601288, 0.02
601328, 0.13
601377, 0.62
601600, 0.78
601616, 0.76
601678, 1.08
601717, 1.04
601818, 0.08
601857, 0.01
601866, 0.43
601872, 0.62
601886, 0.61
601901, 0.74
601908, 0.77
601939, 0.36
601969, 0.4
601988, 0.04
601992, 0.33
601996, 1.98
601998, 0.05
603002, 1.06
603167, 1.06
603318, 2.42
603369, 0.64
