600008, 1.09
600059, 0.74
600086, 2.53
600091, 0.58
600099, 1.34
600126, 1.31
600217, 0.88
600218, 2.41
600222, 2.31
600273, 5.74
600275, 1.26
600280, 0.55
600290, 3.06
600302, 1.95
600313, 0.55
600326, 1.96
600328, 0.97
600356, 0.69
600375, 1.24
600388, 1.88
600390, 1.11
600396, 1.11
600415, 1.21
600423, 11.93
600439, 2.71
600448, 2.03
600466, 1.32
600481, 1.45
600505, 1.05
600558, 1.5
600565, 4.92
600592, 1.29
600601, 5.53
600603, 1.13
600608, 0.68
600609, 2.67
600644, 2.01
600664, 0.22
600736, 0.68
600744, 5.17
600746, 2.92
600757, 1.72
600790, 2.97
600802, 1.93
600810, 1.0
600844, 1.74
600866, 1.01
600874, 1.93
600963, 3.73
600982, 0.85
600984, 1.66
600985, 3.91
600992, 4.72
601003, 0.28
601028, 3.52
601099, 3.95
601116, 0.36
601188, 1.96
601288, 0.04
601333, 0.68
601398, 0.03
601518, 1.33
601717, 0.83
601727, 0.13
601857, 0.03
601929, 1.33
601988, 0.04
601996, 1.12
603167, 2.75
000030, 2.74
000036, 1.96
000301, 1.44
000420, 4.96
000422, 1.11
000546, 2.17
000551, 2.11
000560, 1.45
000589, 1.45
000597, 1.13
000598, 1.62
000599, 7.41
000608, 1.47
000616, 0.92
000628, 4.14
000635, 2.6
000637, 2.05
000691, 1.03
000692, 1.4
000698, 1.87
000703, 0.6
000709, 0.78
000719, 0.75
000723, 2.94
000726, 0.73
000737, 1.04
000739, 0.57
000759, 0.31
000822, 1.43
000888, 3.28
000900, 1.26
000905, 1.24
000906, 2.0
000931, 1.35
000936, 1.08
000995, 2.02
002020, 2.03
002069, 0.72
002083, 1.13
002084, 1.88
002122, 0.92
002132, 1.25
002167, 1.78
002198, 4.22
002221, 0.78
002286, 2.89
002307, 7.31
002317, 1.67
002330, 2.14
002336, 1.21
002348, 2.9
002375, 1.09
002386, 1.01
002408, 1.21
002423, 0.51
002437, 0.59
002451, 1.21
002524, 14.81
002550, 1.03
002578, 1.21
002628, 2.5
002644, 6.27
200030, 1.79
200054, 0.11
200488, 0.52
200613, 0.02
200706, 0.06
200992, 0.12
300012, 2.52
300129, 4.41
300152, 18.44
300172, 4.22
300187, 1.46
300189, 2.88
300214, 2.14
300301, 3.39
