600028, 0.12
600035, 0.47
600050, 2.34
600059, 0.88
600063, 1.09
600073, 1.3
600078, 1.2
600098, 0.7
600123, 1.54
600127, 2.73
600170, 0.77
600227, 3.17
600232, 2.11
600251, 1.03
600277, 1.21
600279, 2.01
600281, 1.37
600301, 1.35
600308, 1.44
600336, 3.53
600354, 4.73
600359, 3.16
600361, 1.97
600375, 1.48
600390, 1.34
600423, 10.55
600439, 0.71
600448, 2.06
600462, 2.42
600467, 2.82
600470, 3.53
600502, 2.87
600508, 0.69
600528, 2.28
600540, 2.77
600558, 2.58
600567, 2.0
600596, 1.72
600598, 1.76
600614, 3.55
600644, 1.54
600676, 0.85
600688, 0.6
600695, 1.44
600704, 2.41
600720, 3.27
600724, 0.33
600769, 1.0
600787, 2.46
600802, 2.63
600824, 2.83
600828, 3.41
600871, 1.72
600963, 2.05
600966, 4.89
601008, 1.37
601015, 3.29
601117, 0.83
601857, 0.03
601918, 0.83
601933, 0.81
601996, 1.68
603002, 1.07
603167, 1.62
900905, 0.15
000006, 2.31
000090, 0.92
000301, 1.31
000420, 2.02
000422, 1.66
000428, 1.1
000498, 3.14
000531, 3.66
000565, 1.78
000570, 2.18
000572, 1.32
000589, 1.54
000599, 1.65
000633, 1.69
000637, 2.83
000655, 2.96
000683, 4.45
000692, 1.53
000707, 4.85
000713, 1.74
000725, 1.7
000753, 2.41
000767, 0.88
000785, 2.02
000789, 2.3
000801, 1.03
000816, 1.74
000830, 1.55
000859, 1.71
000862, 1.21
000877, 2.96
000949, 1.39
000962, 2.07
000972, 1.47
001896, 4.18
002064, 1.09
002069, 0.6
002078, 0.84
002087, 2.83
002167, 2.21
002187, 2.3
002204, 0.83
002215, 4.1
002255, 3.62
002330, 0.67
002332, 0.56
002333, 0.56
002418, 2.09
002420, 1.49
002447, 3.67
002453, 1.04
002465, 1.14
002501, 1.58
002521, 1.17
002570, 1.37
200011, 0.44
200017, 0.29
200037, 0.09
200045, 0.42
200055, 0.29
200056, 0.22
200488, 0.24
200570, 0.09
200706, 0.02
300092, 1.47
300107, 2.61
300129, 1.18
300214, 2.09
