600026, 2.21
600031, 1.03
600033, 0.68
600039, 3.19
600051, 2.36
600080, 1.75
600086, 0.77
600093, 1.5
600095, 2.42
600096, 1.49
600108, 2.93
600117, 3.65
600123, 5.75
600133, 3.01
600157, 3.63
600168, 2.69
600169, 3.25
600192, 2.1
600202, 4.99
600203, 1.74
600208, 0.78
600220, 1.51
600225, 3.35
600229, 1.42
600237, 2.87
600300, 0.69
600308, 1.12
600311, 2.06
600326, 3.12
600327, 0.69
600350, 0.24
600356, 1.54
600368, 1.41
600387, 1.51
600396, 1.12
600399, 4.45
600426, 0.88
600448, 3.3
600449, 2.08
600462, 2.76
600463, 0.76
600469, 1.53
600470, 2.25
600481, 1.43
600495, 4.36
600508, 2.5
600509, 1.12
600527, 5.37
600533, 1.24
600546, 2.04
600548, 0.28
600555, 2.16
600567, 0.87
600572, 1.28
600575, 0.74
600582, 2.16
600628, 0.96
600644, 2.17
600667, 1.81
600691, 2.6
600695, 2.03
600713, 0.6
600716, 0.8
600719, 2.71
600723, 0.5
600727, 1.75
600728, 3.67
600755, 1.01
600769, 1.45
600778, 1.17
600787, 1.85
600790, 1.34
600792, 3.43
600794, 0.79
600798, 2.17
600802, 3.52
600812, 0.75
600820, 3.79
600825, 0.79
600834, 1.49
600854, 1.76
600858, 0.68
600866, 1.23
600871, 3.2
600881, 1.4
600963, 1.67
600966, 2.14
600967, 1.67
600982, 2.38
601001, 4.53
601003, 0.52
601006, 0.79
601100, 2.62
601107, 0.93
601116, 0.64
601117, 1.67
601118, 1.95
601169, 0.29
601225, 4.12
601226, 2.69
601233, 2.28
601313, 1.19
601333, 1.06
601369, 0.58
601518, 1.0
601699, 2.36
601717, 2.36
601808, 0.26
601866, 1.79
601872, 3.14
601898, 0.78
601918, 0.48
601969, 0.34
601996, 1.59
603167, 1.73
603318, 3.33
000005, 1.27
000059, 1.61
000088, 0.82
000153, 1.63
000301, 1.29
000417, 1.15
000429, 1.27
000498, 9.64
000507, 1.78
000517, 0.21
000521, 3.43
000530, 0.97
000543, 1.67
000546, 3.91
000552, 8.4
000554, 4.45
000680, 7.64
000685, 1.44
000692, 1.38
000698, 4.3
000702, 1.69
000703, 3.03
000713, 1.33
000753, 1.97
000759, 0.41
000798, 1.22
000830, 1.53
000852, 0.52
000893, 1.94
000900, 0.83
000919, 0.59
000931, 1.95
000933, 4.35
000937, 2.95
000939, 0.99
000962, 0.98
000972, 2.35
000976, 1.11
002020, 1.13
002021, 0.82
002024, 2.03
002026, 1.43
002042, 2.22
002045, 1.58
002047, 2.17
002083, 1.46
002084, 3.02
002086, 1.24
002093, 0.86
002098, 2.29
002100, 1.09
002126, 2.01
002154, 3.73
002158, 1.47
002203, 0.95
002204, 0.92
002216, 0.61
002218, 1.51
002220, 1.84
002233, 2.96
002240, 4.69
002255, 1.81
002274, 2.39
002277, 1.69
002285, 0.94
002302, 0.69
002307, 4.13
002317, 1.39
002318, 1.53
002325, 2.14
002336, 0.44
002337, 2.53
002342, 1.21
002344, 1.55
002357, 2.77
002363, 1.6
002382, 0.82
002392, 4.69
002408, 2.08
002413, 2.1
002420, 1.2
002426, 3.27
002455, 1.7
002476, 19.13
002482, 0.4
002487, 1.41
002501, 2.86
002521, 4.57
002524, 2.63
002534, 1.11
002540, 1.13
002561, 0.82
002566, 1.76
002585, 1.25
002604, 1.93
002683, 2.34
002687, 3.81
002689, 0.73
002770, 3.42
159922, 0
200026, 0.43
200429, 0.56
200488, 0.29
200521, 0.78
300083, 1.71
300091, 0.95
300099, 3.33
300154, 0.92
300155, 1.51
300157, 3.46
300239, 2.17
300289, 0.68
300301, 1.54
