600005, 2.06
600016, 0.65
600028, 0.19
600086, 2.29
600091, 1.81
600115, 1.17
600166, 0.96
600256, 0.74
600283, 4.53
600299, 0.44
600352, 0.7
600425, 1.61
600438, 0.67
600439, 0.49
600466, 6.47
600469, 1.17
600527, 1.62
600533, 1.18
600581, 1.07
600619, 4.59
600686, 0.97
600720, 2.26
600808, 1.17
600856, 0.61
600875, 1.99
601107, 0.94
601158, 0.34
601288, 0.14
601328, 1.15
601333, 0.52
601388, 1.66
601398, 0.09
601633, 0.24
601718, 2.54
601890, 2.01
601933, 2.78
601939, 1.97
601998, 0.36
603369, 3.68
000016, 2.96
000035, 5.32
000514, 4.57
000536, 0.98
000630, 2.64
000677, 1.31
000709, 1.48
000716, 3.38
000719, 7.01
000735, 2.57
000759, 3.47
000761, 0.99
000778, 1.95
000875, 2.95
000882, 12.52
000888, 0.57
000897, 1.38
000902, 2.16
000903, 3.11
000949, 0.87
002012, 3.26
002028, 1.95
002064, 1.57
002105, 2.56
002132, 1.75
002178, 3.06
002187, 4.08
002258, 0.91
002263, 6.97
002277, 1.67
002318, 2.43
002327, 2.01
002345, 2.23
002385, 0.93
002481, 12.88
002556, 2.94
002570, 1.48
002622, 4.33
002770, 7.81
159927, 0
200539, 0.29
300086, 1.22
