600004, 0.37
600008, 0.89
600010, 3.13
600011, 0.25
600015, 0.2
600018, 1.04
600020, 1.16
600021, 1.15
600023, 0.48
600026, 1.02
600027, 0.61
600029, 1.75
600033, 1.06
600039, 0.92
600048, 0.28
600074, 0.77
600109, 1.26
600125, 6.89
600160, 0.86
600166, 0.79
600170, 1.19
600177, 0.33
600208, 0.32
600219, 2.09
600221, 1.24
600249, 24.08
600252, 0.96
600261, 0.61
600269, 0.56
600297, 0.81
600299, 0.55
600300, 0.41
600323, 0.67
600335, 0.32
600352, 0.45
600368, 2.58
600377, 0.06
600399, 5.02
600496, 2.18
600512, 1.49
600537, 1.5
600546, 0.51
600548, 0.18
600550, 0.85
600578, 0.3
600582, 0.52
600583, 0.7
600606, 1.44
600635, 3.03
600642, 0.52
600674, 0.44
600690, 0.33
600703, 0.29
600704, 4.87
600705, 1.34
600717, 0.84
600743, 0.51
600755, 2.09
600761, 1.11
600806, 1.1
600811, 1.06
600820, 1.44
600823, 0.38
600839, 3.05
600863, 1.53
600873, 0.69
600881, 1.4
600886, 0.66
600900, 0.15
600961, 1.16
600963, 0.66
600978, 0.73
600981, 1.38
600982, 5.49
600997, 1.28
601000, 1.38
601009, 0.64
601018, 0.48
601058, 0.82
601118, 1.9
601158, 0.09
601179, 0.76
601225, 0.83
601288, 0.08
601328, 0.18
601377, 0.78
601390, 0.41
601398, 0.04
601588, 0.73
601618, 0.75
601669, 1.16
601766, 0.34
601818, 0.13
601872, 0.86
601898, 0.67
601899, 1.06
601933, 1.24
601939, 0.95
601988, 0.08
601989, 0.72
601991, 2.05
601992, 0.48
601998, 0.11
603366, 0.38
900905, 0.11
000001, 0.24
000037, 0.93
000069, 0.52
000100, 1.19
000157, 0.72
000402, 0.3
000416, 1.8
000426, 1.65
000429, 0.7
000520, 1.46
000521, 1.18
000546, 2.24
000566, 2.27
000572, 1.08
000589, 7.15
000599, 6.54
000600, 0.77
000630, 2.63
000680, 3.05
000688, 1.3
000717, 0.4
000719, 0.82
000729, 0.24
000739, 0.46
000751, 6.13
000761, 0.46
000786, 0.56
000863, 0.29
000868, 1.75
000883, 0.71
000897, 3.94
000900, 1.57
000937, 1.71
000967, 0.61
002021, 0.67
002028, 3.28
002078, 1.16
002081, 0.34
002109, 0.58
002128, 0.99
002146, 0.24
002203, 0.92
002204, 1.99
002214, 0.57
002221, 0.64
002236, 0.71
002244, 0.27
002254, 1.93
002255, 2.55
002367, 0.64
002376, 1.08
002453, 1.51
002535, 1.72
002583, 0.57
002677, 4.28
159919, 0
159927, 0
200037, 0.36
200055, 0.19
200429, 1.37
200488, 0.22
300129, 2.01
300198, 2.27
300219, 0.94
300225, 1.27
300267, 0.56
300303, 1.66
