600028, 0.22
600035, 0.77
600051, 5.63
600098, 0.84
600123, 2.0
600277, 1.47
600301, 1.25
600308, 1.88
600336, 2.82
600354, 4.9
600361, 1.71
600375, 1.45
600415, 0.47
600423, 3.91
600467, 2.62
600470, 4.62
600502, 5.6
600538, 1.92
600540, 2.98
600558, 3.3
600567, 0.97
600596, 2.42
600598, 1.89
600614, 2.37
600678, 2.42
600688, 0.82
600695, 1.24
600720, 2.89
600787, 2.95
600802, 1.44
600819, 1.84
600828, 1.25
600856, 1.8
600858, 2.66
600866, 1.12
600871, 2.16
600963, 1.04
600966, 12.69
601008, 2.75
601015, 2.52
601038, 3.18
601717, 2.07
601857, 0.05
601933, 0.58
000006, 2.33
000301, 2.27
000422, 2.19
000428, 0.89
000505, 0.8
000517, 0.23
000529, 1.23
000540, 0.41
000570, 1.68
000611, 10.4
000683, 4.09
000691, 1.62
000726, 1.1
000735, 1.95
000789, 2.33
000830, 2.94
000877, 3.04
000949, 0.9
000962, 0.8
000972, 1.15
001896, 7.93
002018, 1.92
002064, 1.64
002069, 0.43
002087, 2.53
002109, 0.94
002154, 2.13
002165, 3.96
002215, 1.72
002263, 1.65
002321, 4.59
002342, 1.39
002418, 5.21
002447, 6.1
002501, 2.24
002521, 1.4
002570, 0.6
002648, 2.03
200011, 0.45
200017, 0.33
200055, 0.14
200488, 0.44
200530, 0.11
200706, 0.17
300029, 1.43
300087, 1.62
300107, 1.2
300129, 2.51
