600004, 0.36
600008, 1.31
600026, 0.52
600039, 1.11
600051, 1.06
600077, 5.27
600080, 1.49
600099, 2.48
600108, 0.89
600112, 1.41
600116, 3.35
600121, 1.21
600125, 1.1
600127, 1.22
600128, 4.14
600133, 5.54
600156, 0.69
600159, 4.49
600160, 0.62
600168, 2.06
600186, 3.82
600202, 4.08
600210, 1.1
600215, 1.86
600217, 4.1
600218, 2.12
600227, 4.21
600238, 0.78
600243, 1.04
600250, 0.9
600257, 3.43
600261, 0.89
600283, 1.78
600285, 1.78
600290, 1.3
600300, 0.32
600313, 1.24
600325, 1.64
600354, 1.62
600356, 0.53
600361, 0.41
600370, 1.36
600383, 0.47
600415, 1.3
600425, 4.55
600448, 2.47
600462, 4.12
600481, 0.44
600483, 1.51
600493, 1.29
600495, 2.57
600496, 4.46
600505, 0.94
600507, 0.41
600510, 0.87
600512, 5.12
600527, 0.84
600550, 0.33
600558, 1.15
600561, 1.03
600565, 2.35
600581, 1.4
600644, 4.44
600664, 0.26
600665, 0.64
600719, 0.96
600722, 0.86
600728, 1.68
600731, 1.27
600736, 1.33
600738, 1.44
600778, 0.86
600780, 1.76
600782, 0.9
600791, 1.43
600792, 1.05
600802, 3.93
600810, 0.78
600815, 0.71
600820, 1.96
600825, 0.47
600857, 0.93
600872, 0.72
600979, 6.08
600982, 2.26
600985, 1.67
600995, 3.97
600997, 0.7
601100, 1.08
601126, 0.33
601169, 0.33
601177, 0.69
601188, 0.33
601218, 6.42
601368, 3.13
601518, 1.5
601618, 0.23
601666, 0.65
601678, 3.12
601801, 0.25
601996, 1.04
601999, 2.27
603012, 1.13
603300, 1.74
603333, 0.76
000058, 1.78
000063, 0.43
000078, 1.32
000157, 0.86
000159, 1.7
000425, 0.44
000518, 0.76
000528, 0.86
000551, 1.62
000554, 2.07
000570, 1.64
000589, 2.09
000597, 0.93
000598, 1.79
000606, 1.02
000632, 1.37
000635, 2.34
000636, 1.81
000673, 1.03
000679, 5.27
000683, 6.28
000685, 0.76
000731, 1.34
000737, 1.17
000753, 11.78
000782, 1.07
000789, 1.47
000809, 1.01
000822, 2.88
000856, 0.62
000859, 1.11
000900, 1.26
000912, 2.03
000939, 1.01
000949, 3.51
000962, 0.75
000965, 1.06
000976, 0.7
000978, 1.21
000993, 1.73
002026, 0.66
002028, 0.95
002033, 2.28
002042, 0.44
002045, 6.03
002079, 7.44
002083, 0.66
002084, 4.15
002097, 2.25
002098, 2.38
002100, 1.15
002109, 0.67
002132, 1.53
002185, 5.95
002201, 1.41
002225, 3.18
002233, 2.56
002249, 1.17
002307, 1.8
002342, 0.7
002344, 1.05
002361, 1.26
002388, 1.82
002398, 1.76
002408, 0.69
002420, 0.71
002431, 5.38
002437, 1.62
002452, 1.45
002453, 2.26
002455, 2.26
002521, 6.56
002532, 0.93
002540, 0.81
002550, 0.81
002560, 6.03
002578, 5.9
002585, 1.13
002593, 5.08
002641, 0.79
002693, 0.52
002700, 1.45
159927, 0
200022, 0.15
200026, 0.33
200030, 1.7
200058, 0.23
200413, 3.71
200429, 0.26
200488, 0.46
200512, 0.22
200570, 0.23
200613, 0.07
200706, 0.19
300006, 1.44
300022, 2.83
300039, 1.35
300082, 0.82
300083, 3.56
300094, 5.22
300126, 1.99
300129, 2.53
300151, 1.36
300169, 1.74
300175, 2.61
300192, 1.71
300214, 1.95
300217, 1.33
300225, 2.07
300243, 1.27
300263, 1.53
300283, 2.23
300320, 1.03
300370, 8.08
