600023, 0.67
600028, 0.27
600029, 1.58
600098, 1.9
600106, 2.06
600127, 2.47
600160, 1.72
600170, 1.9
600239, 5.85
600267, 0.6
600297, 2.05
600322, 3.17
600387, 3.39
600507, 2.2
600569, 1.58
600583, 1.39
600614, 2.86
600643, 2.04
600688, 1.03
600775, 2.34
600787, 2.73
600795, 1.6
600828, 2.56
601012, 1.54
601038, 5.15
601113, 1.09
601126, 3.23
601179, 0.83
601618, 1.76
601636, 1.64
601857, 0.06
601933, 1.51
603126, 6.77
900905, 0.3
000037, 3.09
000416, 5.38
000429, 1.86
000488, 3.93
000531, 2.0
000539, 0.4
000725, 2.76
000753, 3.22
000756, 1.31
000780, 3.1
000851, 3.7
000852, 1.37
000949, 3.09
000962, 1.58
000972, 4.93
001896, 4.5
002145, 2.63
002231, 4.68
002233, 1.24
002244, 0.57
002347, 15.64
002489, 0.93
002564, 14.04
002677, 0.81
200037, 0.42
200055, 0.34
200488, 0.55
200992, 0.41
300040, 11.08
300111, 2.03
300201, 2.51
