600015, 0.3
600019, 0.37
600020, 0.67
600029, 2.43
600033, 0.63
600035, 1.69
600050, 0.88
600052, 2.3
600057, 0.65
600063, 1.21
600068, 1.49
600080, 3.28
600082, 1.88
600089, 1.01
600090, 1.74
600091, 0.76
600095, 1.22
600096, 2.12
600098, 0.54
600106, 1.19
600108, 1.26
600123, 3.88
600152, 3.06
600157, 0.77
600162, 1.46
600166, 6.24
600170, 0.83
600186, 1.29
600188, 0.64
600190, 2.15
600192, 1.46
600193, 2.66
600199, 7.12
600206, 2.74
600208, 0.72
600210, 1.19
600215, 1.51
600217, 0.71
600220, 1.15
600223, 0.8
600229, 4.65
600232, 1.9
600235, 1.93
600237, 2.51
600238, 1.25
600239, 2.95
600240, 0.82
600251, 1.67
600256, 0.64
600269, 0.54
600273, 3.29
600277, 1.49
600279, 3.06
600292, 1.53
600302, 1.23
600308, 1.66
600311, 3.6
600317, 1.49
600333, 5.7
600350, 0.2
600356, 1.84
600358, 5.09
600359, 2.4
600360, 2.44
600361, 0.76
600369, 1.55
600383, 0.25
600387, 4.14
600388, 2.4
600397, 4.2
600398, 0.25
600399, 4.49
600403, 0.31
600425, 2.45
600426, 0.57
600429, 0.96
600448, 6.31
600449, 1.74
600460, 1.5
600469, 1.27
600481, 0.78
600490, 3.3
600500, 1.49
600507, 0.73
600508, 1.73
600509, 1.77
600533, 1.26
600546, 0.6
600548, 0.18
600565, 2.28
600567, 1.42
600569, 1.1
600575, 1.21
600581, 1.73
600582, 1.32
600589, 2.32
600596, 2.37
600598, 0.71
600614, 2.24
600616, 1.53
600617, 4.98
600618, 1.14
600624, 2.32
600635, 1.07
600641, 2.25
600642, 0.25
600643, 1.46
600651, 3.54
600655, 0.72
600665, 0.85
600667, 1.62
600674, 0.17
600676, 0.86
600691, 2.49
600695, 4.5
600698, 2.88
600712, 1.37
600716, 1.35
600717, 1.68
600719, 3.96
600720, 1.86
600723, 0.95
600730, 11.1
600731, 3.98
600738, 3.39
600744, 1.36
600757, 0.93
600759, 1.67
600769, 3.95
600778, 1.27
600780, 0.38
600789, 3.35
600790, 1.79
600791, 1.36
600792, 1.28
600794, 5.52
600801, 1.35
600802, 2.26
600805, 0.91
600811, 0.83
600812, 0.49
600814, 1.45
600815, 1.64
600819, 0.87
600824, 0.85
600825, 0.91
600827, 0.53
600841, 0.89
600846, 2.22
600854, 0.99
600856, 1.93
600858, 0.58
600863, 0.42
600864, 1.53
600873, 1.74
600880, 4.47
600881, 1.49
600882, 0.9
600888, 2.83
600889, 1.83
600896, 2.84
600960, 1.95
600966, 1.66
600967, 1.66
600970, 3.07
600973, 2.38
600978, 1.44
600981, 4.34
600982, 1.7
600987, 1.47
601000, 2.81
601001, 2.44
601002, 6.77
601003, 0.73
601006, 0.33
601008, 4.29
601009, 0.61
601028, 2.77
601058, 1.74
601099, 2.32
601107, 0.55
601111, 0.84
601117, 0.67
601137, 0.89
601139, 0.51
601169, 0.13
601179, 0.5
601188, 1.31
601208, 1.18
601218, 2.26
601313, 0.99
601328, 0.12
601339, 1.44
601368, 4.47
601388, 2.96
601518, 0.96
601599, 2.76
601600, 1.53
601618, 0.97
601636, 3.2
601678, 1.06
601717, 1.7
601766, 0.63
601777, 2.37
601808, 0.24
601818, 0.14
601886, 1.24
601899, 2.67
601908, 0.98
601918, 1.41
601919, 1.34
601928, 0.43
601939, 1.12
601985, 1.57
601992, 0.58
601998, 0.07
603002, 1.42
603015, 6.79
603126, 14.43
603167, 4.26
603993, 1.24
000001, 0.38
000012, 3.46
000027, 0.4
000061, 0.98
000088, 2.32
000159, 2.06
000166, 1.91
000301, 1.25
000417, 1.44
000419, 2.06
000425, 1.77
000428, 0.81
000429, 0.77
000430, 1.96
000498, 4.46
000506, 2.05
000507, 5.15
000514, 1.28
000516, 2.05
000528, 3.09
000539, 0.27
000543, 2.95
000545, 2.51
000548, 3.06
000552, 4.02
000557, 2.41
000572, 1.04
000589, 2.04
000597, 1.05
000598, 1.43
000601, 1.05
000616, 1.87
000619, 1.76
000632, 5.29
000637, 4.28
000650, 1.76
000672, 2.43
000685, 0.74
000692, 1.54
000698, 3.66
000700, 5.79
000703, 1.63
000708, 1.34
000713, 1.9
000737, 2.69
000753, 2.49
000755, 4.47
000756, 2.85
000759, 0.64
000785, 3.54
000795, 3.63
000800, 1.78
000816, 2.0
000828, 0.42
000868, 1.62
000876, 0.75
000877, 1.99
000898, 0.79
000903, 1.26
000926, 2.39
000927, 3.22
000931, 2.79
000932, 2.32
000939, 1.5
000955, 2.6
000983, 4.94
001896, 1.49
002005, 1.94
002028, 1.61
002029, 2.01
002047, 3.34
002063, 3.18
002064, 1.83
002067, 3.44
002069, 0.86
002110, 3.48
002128, 2.18
002162, 1.44
002163, 4.87
002187, 0.86
002191, 0.85
002195, 4.28
002214, 3.96
002215, 1.65
002219, 0.91
002225, 1.16
002232, 1.79
002255, 3.99
002269, 0.69
002274, 1.82
002277, 0.91
002293, 0.43
002321, 1.86
002328, 5.25
002334, 1.55
002336, 0.71
002337, 1.98
002348, 1.31
002363, 2.17
002369, 2.63
002388, 4.95
002397, 1.1
002398, 2.66
002452, 11.11
002453, 3.09
002457, 3.59
002461, 0.59
002487, 1.23
002493, 0.21
002497, 2.04
002498, 2.14
002500, 1.79
002501, 2.42
002504, 6.25
002505, 5.18
002528, 1.12
002531, 0.75
002540, 2.05
002556, 1.83
002560, 9.77
002561, 0.64
002570, 1.31
002579, 2.43
002598, 1.85
002604, 3.09
002607, 2.18
002630, 2.57
002639, 25.08
002641, 0.52
002666, 1.72
002677, 1.18
002682, 2.4
002711, 4.77
159901, 0
159919, 0
159922, 0
200011, 0.24
200019, 0.85
200022, 0.25
200026, 0.29
300006, 2.19
300039, 1.62
300043, 2.45
300067, 1.99
300084, 3.86
300094, 1.76
300102, 2.51
300117, 1.27
300129, 1.88
300135, 5.45
300147, 2.34
300154, 1.29
300160, 3.51
300189, 3.77
300193, 3.86
300206, 2.24
300214, 2.69
300239, 2.25
300251, 1.38
300267, 0.35
300297, 1.84
300305, 3.6
300328, 1.71
300332, 1.31
300390, 4.35
