600008, 0.14
600015, 0.16
600018, 0.03
600023, 0.16
600026, 0.4
600028, 0.06
600029, 0.37
600031, 0.36
600089, 0.3
600160, 0.8
600166, 0.52
600170, 0.38
600177, 0.31
600208, 0.13
600219, 1.6
600221, 0.28
600246, 0.29
600252, 0.41
600261, 0.39
600267, 0.86
600269, 0.3
600297, 0.5
600299, 0.64
600350, 0.19
600352, 0.45
600377, 0.07
600409, 0.61
600418, 0.44
600425, 3.29
600428, 0.57
600481, 1.1
600489, 1.6
600546, 0.4
600569, 0.68
600583, 0.34
600598, 1.26
600674, 0.14
600675, 0.48
600688, 0.29
600690, 0.22
600704, 1.72
600705, 0.26
600808, 0.63
600820, 0.44
600839, 0.55
600872, 0.27
600873, 0.47
600886, 0.3
600900, 0.1
600961, 1.16
600971, 1.49
601009, 0.35
601111, 0.12
601118, 1.23
601158, 0.04
601169, 0.07
601179, 0.12
601186, 0.29
601225, 0.26
601288, 0.03
601328, 0.1
601377, 0.42
601398, 0.02
601588, 0.26
601633, 0.13
601636, 1.24
601666, 1.78
601766, 0.12
601818, 0.07
601857, 0.01
601872, 0.22
601898, 0.11
601899, 0.75
601919, 0.28
601933, 0.31
601939, 0.52
601988, 0.03
601989, 1.06
601998, 0.05
603993, 0.35
900905, 0.14
000001, 0.19
000100, 0.38
000416, 1.32
000428, 0.49
000429, 0.52
000521, 0.62
000528, 0.8
000561, 0.82
000566, 0.88
000630, 1.96
000636, 1.03
000702, 0.94
000717, 0.28
000739, 0.34
000786, 0.46
000789, 4.92
000863, 0.3
000868, 0.65
000877, 3.65
000897, 0.78
000900, 0.66
000921, 0.67
000937, 1.08
000962, 0.38
000967, 0.46
002045, 1.43
002078, 0.79
002198, 0.71
002219, 0.37
002236, 0.94
002244, 0.36
002255, 2.19
002258, 1.15
002367, 0.49
002376, 0.55
002430, 0.28
002535, 1.09
002539, 0.62
002547, 3.0
002575, 0.0
002614, 0.99
002648, 0.37
159919, 0
200037, 0.29
200055, 0.14
200488, 0.36
300201, 1.33
300225, 1.15
300251, 1.25
