600004, 0.32
600008, 0.96
600026, 0.5
600031, 0.2
600039, 0.7
600068, 1.09
600077, 6.93
600108, 1.88
600116, 11.72
600128, 2.5
600133, 3.42
600156, 0.67
600159, 2.66
600186, 2.66
600202, 2.88
600215, 1.61
600217, 2.1
600218, 2.47
600227, 2.76
600238, 2.68
600250, 0.91
600257, 3.44
600261, 1.55
600285, 2.83
600290, 1.01
600313, 0.58
600325, 2.5
600356, 0.64
600370, 2.79
600380, 2.51
600383, 0.39
600415, 0.66
600425, 2.88
600448, 3.03
600462, 2.78
600481, 0.39
600493, 1.25
600495, 1.8
600496, 2.19
600505, 0.85
600509, 1.86
600512, 3.31
600546, 0.49
600550, 0.27
600558, 1.3
600561, 2.72
600565, 3.27
600581, 1.65
600619, 6.48
600644, 3.0
600664, 0.63
600665, 0.89
600722, 0.78
600728, 2.53
600778, 0.95
600780, 0.91
600791, 3.07
600792, 0.54
600802, 2.48
600810, 0.86
600815, 0.72
600820, 1.47
600825, 0.49
600857, 0.68
600979, 13.7
600982, 1.78
600995, 2.13
600997, 0.46
601011, 9.7
601100, 1.13
601169, 0.31
601188, 0.73
601218, 3.42
601368, 5.44
601518, 1.59
601678, 4.88
601801, 0.21
601872, 0.28
601999, 1.47
603333, 1.03
000078, 1.45
000090, 7.56
000157, 0.56
000159, 3.14
000404, 1.01
000425, 0.78
000430, 3.46
000518, 0.81
000528, 1.62
000554, 10.8
000589, 3.71
000598, 1.32
000606, 0.8
000607, 2.91
000632, 1.07
000635, 1.83
000673, 4.17
000679, 4.33
000683, 8.06
000685, 0.6
000729, 0.57
000731, 6.38
000737, 3.93
000753, 5.77
000789, 1.04
000822, 1.78
000856, 0.74
000859, 1.18
000875, 4.03
000900, 0.89
000912, 1.75
000949, 4.09
000962, 0.89
000965, 1.08
000976, 1.59
002028, 0.96
002033, 1.74
002042, 1.0
002045, 6.53
002083, 0.58
002084, 4.73
002097, 1.41
002100, 0.8
002109, 1.15
002132, 1.34
002150, 1.93
002225, 3.63
002233, 1.81
002307, 1.5
002348, 1.56
002361, 1.23
002392, 8.13
002398, 1.4
002408, 0.94
002437, 1.36
002453, 4.75
002455, 2.54
002486, 6.91
002521, 4.76
002550, 4.24
002560, 9.93
002575, 0.76
002593, 7.96
002641, 0.53
002666, 3.89
002671, 2.96
002693, 2.42
002700, 1.5
159927, 0
200022, 0.06
200026, 2.64
200030, 1.15
200413, 2.17
200429, 0.71
200488, 0.45
200512, 0.16
200613, 0.02
200706, 0.13
300039, 1.18
300082, 1.95
300083, 2.61
300151, 2.5
300181, 2.56
300217, 1.55
300225, 4.61
300283, 1.65
300320, 0.82
