600028, 0.34
600035, 0.61
600096, 2.84
600110, 2.71
600122, 2.28
600123, 1.29
600143, 0.49
600227, 5.05
600277, 2.15
600282, 3.06
600336, 3.3
600354, 4.53
600361, 1.6
600375, 1.93
600415, 0.73
600467, 5.13
600470, 3.4
600502, 3.77
600538, 1.67
600567, 0.72
600596, 1.77
600598, 1.98
600614, 1.36
600678, 3.34
600688, 1.6
600695, 1.09
600720, 4.59
600787, 3.42
600819, 2.66
600824, 4.39
600856, 1.15
600858, 2.17
600866, 0.92
600966, 1.13
600967, 6.08
601015, 3.03
601038, 3.83
601717, 2.03
601857, 0.07
601933, 1.12
000006, 4.59
000159, 5.75
000301, 1.29
000422, 1.68
000428, 1.02
000505, 0.78
000540, 0.73
000570, 2.68
000608, 1.72
000683, 8.32
000691, 0.99
000725, 1.19
000735, 3.2
000789, 2.86
000830, 3.47
000877, 5.83
000949, 1.14
000962, 1.1
001896, 8.58
002018, 1.28
002064, 1.18
002069, 0.68
002109, 1.1
002215, 2.36
002263, 2.12
002321, 5.65
002336, 0.61
002342, 1.27
002418, 3.96
002447, 2.39
002503, 1.23
002570, 0.71
002622, 4.59
002628, 1.26
002648, 1.34
200011, 1.33
200017, 0.3
200055, 0.13
200488, 0.16
300126, 4.73
300129, 2.04
300135, 5.46
