600004, 0.62
600008, 1.96
600039, 1.02
600059, 1.55
600069, 1.18
600086, 1.44
600091, 0.36
600105, 2.11
600126, 1.95
600169, 0.61
600213, 4.31
600217, 1.81
600222, 2.43
600273, 9.38
600275, 1.52
600280, 0.57
600313, 0.86
600326, 1.16
600335, 1.82
600346, 2.7
600356, 0.54
600375, 2.24
600390, 0.97
600415, 1.5
600416, 1.88
600425, 1.17
600448, 2.15
600505, 1.09
600572, 0.91
600601, 9.31
600603, 1.13
600608, 0.44
600641, 0.4
600644, 2.15
600664, 0.15
600725, 0.93
600736, 0.72
600757, 2.0
600790, 4.06
600802, 2.44
600810, 0.84
600844, 1.52
600853, 17.34
600866, 1.49
600874, 3.82
600982, 1.14
600985, 2.03
600992, 1.28
601099, 1.97
601116, 0.52
601288, 0.03
601398, 0.03
601717, 0.98
601857, 0.01
601929, 2.27
601939, 0.72
601988, 0.05
601996, 1.77
603167, 2.9
000030, 1.85
000036, 1.75
000153, 11.84
000301, 0.99
000420, 2.18
000422, 1.37
000543, 1.5
000546, 3.69
000589, 1.75
000597, 1.61
000628, 3.01
000637, 1.69
000655, 3.13
000667, 1.38
000692, 1.54
000698, 2.78
000703, 1.06
000709, 1.07
000719, 0.63
000723, 1.91
000759, 0.45
000856, 0.63
000900, 2.13
000905, 1.21
000931, 2.84
000993, 1.11
000995, 2.84
002020, 3.14
002069, 0.4
002083, 1.07
002084, 2.61
002099, 2.18
002122, 0.71
002132, 1.64
002187, 0.8
002198, 2.33
002221, 1.2
002247, 1.61
002314, 1.41
002317, 2.37
002336, 0.43
002348, 4.69
002408, 1.87
002423, 0.85
002451, 1.03
002578, 1.66
002628, 3.73
002701, 2.89
200020, 0.2
200054, 0.32
200056, 0.13
200488, 0.13
200541, 0.22
200613, 0.1
300012, 1.59
300039, 2.9
300172, 7.0
300301, 3.39
300320, 3.69
