600004, 1.82
600021, 0.93
600031, 0.69
600063, 1.5
600068, 1.34
600075, 3.9
600078, 2.03
600094, 1.02
600108, 2.21
600117, 4.18
600121, 3.04
600123, 5.04
600126, 1.95
600130, 3.96
600133, 1.66
600143, 0.74
600159, 1.11
600160, 1.65
600163, 1.88
600175, 1.67
600202, 1.37
600213, 2.28
600221, 3.53
600222, 1.97
600223, 0.66
600239, 1.04
600246, 0.45
600255, 2.93
600257, 2.72
600261, 2.19
600267, 1.14
600268, 1.74
600269, 0.78
600280, 1.1
600281, 1.11
600284, 1.15
600287, 2.27
600288, 2.85
600290, 1.35
600293, 2.12
600302, 1.45
600320, 0.48
600323, 1.18
600336, 3.03
600350, 0.35
600353, 2.8
600354, 2.66
600361, 0.96
600368, 1.25
600375, 1.25
600376, 0.73
600380, 2.3
600387, 1.34
600388, 1.78
600396, 1.17
600397, 3.73
600405, 5.3
600406, 2.63
600448, 2.62
600461, 1.67
600466, 1.22
600487, 1.3
600488, 0.84
600495, 2.55
600496, 0.86
600503, 4.9
600505, 1.9
600507, 3.28
600508, 2.27
600509, 0.72
600512, 2.15
600515, 1.96
600516, 4.28
600517, 1.06
600533, 1.76
600537, 2.99
600546, 1.5
600550, 1.13
600561, 2.24
600578, 0.31
600579, 1.12
600596, 1.42
600598, 1.3
600602, 1.61
600609, 0.73
600617, 2.08
600621, 1.55
600624, 4.4
600642, 0.47
600644, 3.84
600658, 0.45
600673, 1.43
600684, 1.64
600691, 3.48
600708, 1.09
600713, 3.19
600716, 1.88
600719, 2.72
600720, 2.06
600723, 0.68
600727, 1.88
600736, 1.13
600744, 3.99
600747, 1.82
600755, 1.84
600770, 2.96
600776, 1.96
600787, 1.62
600790, 2.43
600791, 1.73
600792, 2.39
600802, 4.16
600810, 1.5
600814, 1.94
600815, 1.41
600824, 1.25
600825, 0.94
600830, 2.57
600831, 2.02
600838, 4.2
600846, 5.6
600858, 0.97
600865, 1.97
600870, 2.0
600874, 0.88
600875, 0.97
600900, 0.29
600917, 5.91
600963, 1.62
600965, 1.32
600966, 2.92
600970, 2.99
600979, 0.58
600985, 2.43
600992, 1.74
600997, 1.79
601000, 0.84
601008, 1.82
601011, 6.26
601038, 1.3
601058, 2.09
601106, 1.16
601111, 1.41
601117, 0.42
601126, 0.73
601177, 1.02
601188, 0.43
601208, 1.97
601216, 0.48
601218, 1.92
601226, 3.42
601328, 0.18
601368, 3.79
601369, 0.68
601519, 1.2
601616, 0.99
601666, 2.6
601678, 2.03
601717, 1.34
601818, 0.29
601880, 1.27
601985, 1.99
603077, 0.61
603123, 2.28
603167, 2.32
603169, 2.09
603333, 0.58
603366, 0.79
603993, 0.97
900905, 0.58
000006, 1.43
000009, 3.59
000010, 2.42
000029, 1.05
000030, 0.92
000035, 1.6
000036, 1.23
000039, 1.28
000040, 1.07
000063, 1.87
000157, 0.84
000301, 1.27
000338, 1.22
000417, 1.56
000422, 1.87
000428, 1.24
000429, 2.12
000430, 3.38
000498, 8.77
000507, 2.16
000510, 2.43
000514, 1.1
000521, 3.75
000525, 1.0
000529, 1.11
000545, 7.45
000552, 6.05
000589, 1.85
000597, 1.18
000599, 1.83
000616, 1.51
000637, 4.05
000652, 1.46
000656, 1.26
000659, 1.81
000667, 1.55
000682, 1.8
000692, 2.66
000698, 2.93
000707, 1.85
000713, 2.17
000715, 0.76
000721, 2.26
000722, 1.79
000726, 1.22
000731, 2.86
000735, 1.5
000737, 1.8
000739, 2.44
000753, 2.02
000756, 2.76
000780, 3.15
000782, 3.42
000788, 0.84
000789, 3.97
000790, 2.04
000812, 2.81
000816, 2.43
000822, 1.03
000825, 1.11
000829, 2.75
000837, 2.27
000850, 1.32
000868, 3.05
000877, 4.1
000886, 4.83
000898, 0.75
000900, 0.83
000905, 1.51
000918, 1.26
000930, 3.16
000949, 2.65
000951, 1.95
000959, 5.79
001896, 6.22
002004, 1.31
002005, 2.31
002006, 2.83
002021, 2.54
002028, 2.29
002029, 2.38
002033, 2.86
002060, 2.44
002062, 1.02
002083, 1.24
002105, 3.89
002109, 1.58
002132, 2.14
002133, 2.94
002146, 0.38
002150, 1.93
002170, 2.43
002187, 1.35
002214, 2.88
002225, 1.85
002244, 0.96
002250, 2.32
002267, 0.83
002277, 1.95
002282, 2.17
002285, 1.21
002293, 1.4
002302, 1.59
002307, 1.79
002336, 0.65
002342, 1.78
002344, 1.12
002363, 6.65
002374, 2.46
002376, 1.51
002377, 1.47
002381, 2.68
002385, 0.95
002386, 2.06
002391, 1.54
002392, 2.52
002404, 2.98
002420, 1.73
002429, 1.22
002433, 5.57
002470, 0.71
002471, 3.68
002478, 1.51
002479, 0.92
002528, 2.04
002534, 0.54
002538, 4.15
002542, 1.75
002563, 0.57
002564, 2.83
002565, 1.0
002570, 7.52
002575, 1.23
002648, 1.39
002689, 0.74
159901, 0
159902, 0
159909, 0
159911, 0
159919, 0
159922, 0
200011, 0.29
200012, 0.33
200029, 0.42
200030, 0.43
200058, 0.38
200413, 3.34
200488, 0.54
200512, 0.06
200521, 0.3
200530, 0.37
200706, 0.1
200992, 0.63
300039, 4.98
300064, 4.86
300079, 3.35
300090, 2.5
300105, 2.2
300107, 2.12
300129, 2.33
300150, 2.39
300164, 4.79
300181, 2.84
300214, 2.48
300255, 1.59
