600008, 0.79
600031, 0.89
600048, 1.03
600051, 1.3
600052, 1.18
600074, 2.92
600077, 1.07
600082, 2.91
600089, 0.85
600093, 1.5
600094, 0.63
600100, 0.87
600115, 1.31
600159, 2.83
600180, 0.55
600185, 0.81
600189, 3.35
600210, 0.93
600223, 0.62
600227, 0.59
600266, 1.55
600280, 0.56
600289, 1.26
600290, 2.25
600302, 1.04
600365, 1.17
600367, 2.3
600376, 0.87
600377, 0.04
600386, 1.24
600460, 1.13
600477, 1.05
600488, 0.38
600499, 1.7
600510, 0.75
600516, 1.91
600561, 0.99
600589, 4.9
600624, 0.8
600635, 0.72
600644, 1.84
600658, 0.73
600693, 0.62
600695, 1.13
600705, 0.61
600707, 1.31
600716, 2.18
600728, 2.73
600731, 2.39
600751, 0.53
600797, 5.11
600806, 1.2
600864, 0.79
600869, 1.12
600870, 4.54
600880, 1.71
600882, 0.75
600888, 4.35
600960, 0.75
600965, 0.43
600987, 0.62
601111, 0.63
601139, 0.1
601177, 1.59
601208, 1.03
601222, 0.54
601225, 0.74
601231, 0.24
601313, 0.54
601398, 0.03
601579, 1.34
601886, 0.43
601933, 0.86
603002, 1.18
603015, 11.63
603023, 2.62
603077, 0.7
603366, 1.09
000030, 0.63
000043, 1.37
000068, 0.38
000069, 0.52
000089, 0.59
000090, 0.53
000099, 1.1
000402, 0.94
000404, 1.72
000409, 1.77
000417, 1.33
000419, 1.29
000429, 1.15
000520, 1.37
000521, 1.29
000563, 2.22
000565, 1.61
000620, 0.24
000628, 1.41
000632, 1.71
000717, 0.64
000726, 1.63
000731, 3.5
000735, 0.94
000739, 0.74
000759, 0.39
000786, 0.42
000800, 1.26
000812, 3.45
000816, 2.18
000818, 1.97
000851, 4.48
000863, 0.51
000888, 0.66
000890, 1.83
000899, 2.03
000908, 0.78
000918, 2.47
000926, 1.42
000950, 0.46
000961, 2.17
000976, 1.74
000978, 0.98
002003, 0.54
002004, 1.07
002020, 0.81
002023, 1.05
002026, 1.51
002031, 7.12
002033, 1.21
002042, 6.54
002054, 3.23
002064, 0.84
002073, 0.82
002076, 7.05
002079, 1.25
002081, 0.82
002091, 1.11
002106, 2.45
002118, 0.89
002123, 0.65
002127, 1.0
002130, 0.77
002131, 1.79
002135, 0.74
002137, 1.05
002139, 5.01
002146, 0.63
002156, 0.83
002158, 1.41
002161, 0.54
002177, 0.98
002187, 0.72
002194, 0.91
002214, 1.6
002218, 2.18
002226, 3.84
002232, 1.54
002245, 2.12
002249, 0.7
002256, 1.07
002261, 0.78
002270, 0.98
002276, 0.93
002293, 0.23
002303, 0.4
002327, 1.24
002332, 0.82
002334, 1.41
002345, 0.78
002348, 1.43
002375, 0.66
002376, 0.74
002392, 1.32
002403, 0.66
002413, 0.84
002416, 0.89
002421, 3.55
002429, 0.74
002448, 7.88
002454, 0.44
002461, 0.84
002474, 1.52
002496, 2.35
002501, 1.85
002510, 2.19
002521, 1.69
002527, 1.76
002531, 0.21
002532, 0.59
002533, 0.98
002536, 0.57
002538, 1.96
002559, 2.14
002565, 1.2
002566, 2.06
002570, 0.97
002583, 1.13
002586, 1.06
002593, 1.96
002641, 0.48
002644, 0.84
002666, 1.32
002682, 0.87
002688, 0.6
002689, 1.84
002693, 1.03
002707, 1.27
002708, 1.72
002770, 2.94
159901, 0
159902, 0
159909, 0
159911, 0
159927, 0
200018, 0.18
200022, 0.08
300002, 1.14
300039, 0.8
300050, 1.48
300053, 2.02
300074, 1.5
300079, 1.02
300087, 1.55
300098, 2.75
300102, 3.1
300105, 0.88
300108, 1.04
300126, 3.05
300131, 3.48
300139, 1.04
300155, 0.88
300165, 3.9
300170, 1.41
300198, 2.52
300214, 1.42
300217, 0.75
300241, 1.61
300256, 3.01
300263, 1.83
300267, 0.61
300270, 1.05
300272, 0.95
300289, 0.89
300290, 1.11
300297, 1.19
300326, 0.69
300328, 0.69
