600016, 0.31
600021, 0.34
600082, 1.18
600095, 3.2
600108, 1.33
600112, 4.3
600116, 3.26
600126, 0.69
600127, 1.85
600131, 2.44
600152, 8.09
600156, 0.99
600159, 3.2
600163, 1.37
600175, 4.22
600202, 1.79
600208, 0.19
600215, 1.75
600220, 0.87
600227, 0.83
600237, 9.98
600248, 1.3
600249, 2.47
600257, 2.13
600279, 2.14
600281, 1.21
600284, 0.96
600288, 6.0
600289, 5.51
600292, 0.77
600293, 2.83
600295, 0.58
600302, 1.81
600310, 0.83
600336, 4.63
600337, 0.61
600355, 3.43
600356, 2.88
600368, 0.65
600377, 0.1
600387, 0.85
600389, 1.56
600415, 0.48
600416, 1.25
600439, 0.68
600488, 0.39
600505, 1.04
600516, 8.42
600548, 0.28
600555, 2.62
600565, 2.51
600586, 3.28
600601, 4.62
600608, 0.44
600628, 1.0
600644, 1.15
600665, 1.77
600674, 0.31
600676, 1.81
600678, 3.19
600684, 1.68
600695, 3.02
600698, 1.81
600713, 1.37
600722, 2.35
600723, 1.66
600724, 0.66
600744, 1.25
600760, 1.57
600761, 5.79
600780, 0.79
600810, 1.08
600812, 0.71
600814, 3.13
600819, 2.42
600825, 0.57
600830, 2.72
600834, 0.88
600853, 1.38
600861, 2.11
600863, 0.19
600865, 1.27
600870, 4.45
600963, 1.07
600985, 1.53
601002, 1.92
601007, 1.27
601016, 2.17
601058, 1.15
601158, 0.16
601177, 0.94
601231, 2.14
601233, 0.95
601333, 0.25
601801, 0.27
601880, 1.43
601886, 0.69
601929, 0.72
601939, 0.6
601965, 1.41
601998, 0.12
603077, 1.61
603333, 0.88
603969, 1.64
000006, 0.63
000010, 2.38
000011, 3.48
000016, 2.53
000026, 2.3
000029, 0.64
000030, 1.45
000068, 0.68
000089, 0.21
000100, 0.94
000158, 1.23
000338, 0.66
000514, 1.89
000518, 0.82
000521, 1.78
000533, 2.09
000564, 5.77
000570, 1.46
000585, 2.57
000592, 1.88
000597, 0.92
000599, 6.49
000611, 0.81
000631, 0.45
000667, 1.2
000690, 0.73
000721, 10.73
000731, 2.14
000737, 1.32
000753, 1.31
000788, 1.73
000809, 1.07
000812, 3.63
000862, 2.98
000897, 0.54
000908, 1.5
000926, 3.32
000928, 7.42
000976, 0.62
000978, 1.1
000993, 1.91
002011, 1.12
002018, 1.06
002028, 1.47
002033, 1.3
002061, 1.05
002083, 0.96
002087, 2.9
002093, 3.15
002099, 2.01
002106, 6.55
002122, 1.42
002132, 1.51
002133, 2.43
002135, 0.97
002150, 1.11
002162, 1.7
002163, 5.42
002170, 9.01
002181, 1.22
002195, 7.01
002220, 3.02
002225, 4.59
002226, 1.57
002269, 0.45
002305, 0.63
002307, 3.13
002318, 2.2
002321, 1.46
002348, 1.4
002381, 2.54
002385, 0.59
002391, 1.03
002392, 5.48
002404, 7.23
002408, 1.07
002419, 0.55
002420, 1.19
002430, 0.88
002442, 2.82
002455, 6.2
002476, 4.47
002478, 1.77
002480, 1.14
002490, 3.42
002498, 2.05
002526, 1.09
002532, 2.56
002549, 0.67
002565, 2.78
002578, 1.13
002583, 1.97
002598, 2.8
002648, 1.53
002671, 1.45
002678, 0.29
002683, 3.24
002700, 2.02
159909, 0
159927, 0
200011, 0.24
200012, 0.18
200026, 0.29
200029, 0.18
200030, 1.06
200054, 0.42
200058, 0.4
200429, 0.35
200468, 0.6
200488, 0.27
200512, 0.11
200521, 1.03
200541, 0.36
200570, 0.18
200771, 0.47
200992, 0.31
300022, 1.33
300029, 5.1
300043, 1.27
300071, 6.39
300090, 1.22
300107, 2.06
300129, 3.42
300132, 2.95
300150, 1.73
300152, 1.68
300187, 1.84
300192, 2.71
300197, 0.88
300206, 3.39
300301, 3.01
300307, 1.43
300344, 3.03
