600027, 0.37
600051, 1.5
600059, 1.39
600078, 3.28
600084, 4.23
600143, 0.98
600151, 1.99
600160, 2.21
600178, 1.3
600189, 4.12
600208, 0.46
600218, 2.9
600240, 0.98
600251, 1.47
600255, 2.95
600267, 0.8
600268, 1.69
600281, 0.82
600288, 4.32
600290, 3.0
600295, 0.86
600299, 0.88
600311, 9.9
600323, 0.82
600325, 1.51
600336, 3.4
600353, 1.36
600359, 2.58
600377, 0.16
600393, 1.21
600396, 1.24
600405, 5.0
600432, 1.21
600461, 1.97
600470, 4.15
600480, 3.51
600487, 1.9
600488, 1.07
600503, 6.21
600516, 3.01
600517, 1.06
600526, 3.84
600595, 2.93
600609, 1.17
600616, 1.88
600638, 6.07
600684, 1.87
600719, 2.18
600720, 1.1
600728, 6.67
600746, 2.22
600761, 0.76
600776, 2.29
600784, 4.29
600794, 2.5
600807, 12.11
600814, 1.02
600844, 1.78
600888, 1.57
600890, 1.29
600969, 1.68
600985, 2.1
601002, 4.79
601003, 0.99
601177, 1.07
601218, 1.61
601288, 0.03
601328, 0.17
601398, 0.02
601588, 0.77
601633, 0.2
601678, 0.98
601798, 1.1
601880, 2.02
601899, 4.05
601939, 0.98
601968, 2.41
601999, 0.76
603011, 3.29
603077, 0.77
603167, 2.97
900929, 0.54
000030, 0.6
000413, 2.31
000519, 3.73
000521, 1.55
000591, 2.03
000655, 1.97
000682, 2.9
000726, 1.75
000807, 1.78
000812, 1.77
000816, 2.78
000821, 4.66
000856, 0.83
000862, 1.48
000889, 1.77
000903, 1.36
000905, 1.0
000908, 4.66
000910, 0.9
000926, 2.28
000928, 2.21
000933, 3.27
000935, 2.88
002028, 2.26
002033, 2.81
002062, 1.22
002064, 0.83
002084, 5.79
002099, 4.14
002102, 3.02
002115, 6.3
002118, 1.22
002146, 0.61
002160, 3.53
002165, 7.28
002216, 3.48
002218, 2.81
002226, 5.05
002243, 1.92
002250, 1.23
002251, 4.59
002258, 1.37
002277, 1.84
002293, 1.21
002327, 2.72
002328, 5.99
002334, 4.2
002378, 2.34
002381, 3.4
002404, 5.94
002406, 1.68
002433, 1.96
002470, 0.54
002476, 2.04
002478, 1.39
002483, 2.27
002497, 5.46
002501, 2.63
002534, 1.12
002578, 2.16
002598, 2.14
002607, 2.27
002651, 3.76
002678, 0.38
159902, 0
200020, 0.34
200030, 0.19
200045, 0.91
200413, 0.56
200468, 0.33
200521, 0.14
200530, 0.28
300022, 3.3
300029, 2.46
300039, 1.77
300040, 7.76
300064, 2.3
300084, 4.57
300094, 2.66
300105, 4.48
300107, 2.0
300175, 2.25
300179, 2.84
300181, 2.66
300283, 2.77
300297, 3.45
