600026, 1.22
600031, 1.39
600033, 0.47
600051, 2.03
600052, 1.46
600080, 2.0
600086, 0.98
600093, 1.2
600096, 1.4
600108, 2.11
600123, 1.58
600157, 0.76
600168, 4.43
600169, 2.31
600183, 4.14
600192, 1.51
600203, 1.79
600225, 4.32
600229, 0.96
600237, 5.74
600280, 1.19
600300, 0.92
600308, 0.74
600311, 1.83
600356, 1.13
600368, 1.0
600387, 1.31
600396, 1.02
600399, 2.13
600425, 0.91
600426, 0.78
600448, 3.4
600469, 1.03
600481, 0.85
600495, 5.74
600508, 0.83
600509, 0.95
600516, 2.63
600527, 10.9
600533, 1.36
600546, 0.53
600548, 0.15
600555, 3.9
600567, 1.19
600572, 0.91
600575, 0.7
600603, 2.77
600628, 1.17
600644, 2.88
600691, 1.55
600695, 1.49
600713, 0.97
600716, 0.97
600727, 1.83
600728, 2.1
600731, 3.36
600742, 2.48
600755, 1.02
600778, 1.38
600790, 1.66
600794, 0.85
600798, 2.81
600820, 2.24
600825, 0.62
600858, 0.63
600868, 3.47
600871, 1.77
600881, 0.86
600963, 1.26
600966, 1.4
600982, 1.48
601001, 1.13
601006, 0.59
601117, 2.05
601169, 0.26
601333, 0.81
601369, 0.85
601699, 1.0
601866, 1.16
601872, 1.43
601898, 0.37
601918, 0.84
601996, 1.65
603300, 2.32
603318, 5.91
000059, 2.09
000153, 1.86
000301, 1.17
000429, 0.9
000498, 2.49
000507, 2.3
000517, 0.24
000521, 1.66
000546, 3.48
000552, 1.67
000685, 1.04
000702, 1.4
000705, 2.07
000713, 1.09
000753, 1.6
000759, 0.77
000767, 2.01
000790, 1.5
000798, 1.33
000852, 0.41
000893, 2.44
000900, 0.93
000919, 0.52
000931, 1.26
000933, 1.45
000937, 1.25
000939, 1.42
000972, 1.5
001896, 1.25
002020, 1.23
002021, 1.08
002042, 2.04
002045, 2.13
002047, 3.45
002083, 1.67
002084, 3.06
002086, 1.28
002098, 3.08
002100, 1.55
002126, 2.2
002203, 0.57
002204, 1.03
002216, 0.42
002220, 3.5
002291, 4.85
002307, 3.32
002317, 1.59
002318, 1.45
002323, 2.6
002325, 2.61
002336, 0.7
002337, 2.2
002344, 1.81
002357, 0.65
002363, 1.9
002379, 3.36
002382, 0.78
002392, 5.48
002413, 1.46
002420, 1.01
002426, 1.89
002455, 3.36
002487, 1.71
002501, 3.11
002524, 2.86
002534, 0.68
002565, 1.48
002566, 1.77
002683, 2.47
002687, 4.79
002689, 0.79
002697, 1.24
002770, 4.14
200026, 0.58
200429, 0.15
300099, 3.3
300154, 1.23
300169, 2.91
300217, 2.0
300289, 0.63
300337, 1.53
