600019, 0.57
600026, 1.04
600031, 0.58
600033, 0.43
600039, 1.29
600051, 1.87
600063, 0.87
600080, 1.44
600086, 1.0
600093, 1.58
600095, 4.5
600096, 1.21
600101, 3.72
600106, 0.75
600108, 1.72
600112, 2.16
600117, 2.54
600123, 5.56
600133, 2.6
600157, 1.78
600168, 2.09
600190, 0.68
600191, 0.66
600192, 1.64
600203, 1.41
600208, 0.46
600220, 1.63
600225, 1.49
600229, 1.58
600237, 7.07
600239, 0.97
600267, 0.78
600287, 2.31
600300, 0.57
600308, 1.48
600310, 2.17
600311, 3.22
600326, 3.32
600327, 1.61
600348, 4.34
600350, 0.13
600356, 1.65
600359, 2.5
600368, 2.31
600377, 0.19
600381, 2.36
600387, 1.77
600396, 0.85
600399, 3.36
600426, 0.78
600428, 1.71
600449, 2.42
600462, 2.76
600469, 0.89
600470, 3.08
600495, 2.4
600515, 0.9
600533, 1.36
600540, 2.1
600546, 1.18
600548, 0.19
600555, 1.93
600567, 0.92
600572, 1.02
600575, 0.42
600582, 1.19
600619, 1.81
600628, 1.23
600644, 2.13
600658, 0.69
600667, 2.59
600691, 2.66
600695, 2.47
600716, 1.45
600719, 1.66
600720, 4.8
600723, 0.51
600727, 1.82
600731, 2.48
600755, 0.73
600761, 0.71
600769, 1.88
600778, 1.74
600790, 1.04
600792, 3.77
600794, 1.03
600798, 1.16
600802, 3.45
600812, 0.45
600820, 1.74
600834, 0.69
600854, 1.23
600858, 0.76
600865, 1.31
600866, 1.76
600871, 1.59
600881, 1.41
600961, 1.61
600966, 2.25
600967, 1.2
600970, 1.65
600981, 1.71
600982, 1.74
601001, 4.9
601003, 0.45
601006, 0.32
601007, 1.42
601008, 1.11
601100, 1.65
601107, 0.48
601111, 0.29
601116, 0.74
601117, 0.89
601118, 1.15
601169, 0.14
601225, 4.48
601226, 2.08
601233, 1.46
601313, 1.22
601333, 0.74
601369, 0.47
601608, 0.61
601616, 1.0
601699, 3.79
601717, 1.39
601808, 0.16
601866, 0.7
601872, 1.1
601918, 0.19
601919, 0.62
601969, 1.6
601985, 2.32
601989, 0.66
601996, 2.14
603167, 1.23
603318, 4.33
000039, 0.4
000059, 0.91
000088, 0.39
000153, 2.14
000166, 0.48
000301, 0.88
000338, 3.71
000417, 1.18
000419, 1.48
000421, 1.58
000422, 2.16
000428, 1.73
000429, 2.64
000498, 4.54
000506, 1.24
000507, 0.94
000521, 1.52
000529, 1.04
000530, 0.81
000537, 1.85
000543, 1.0
000546, 4.6
000552, 8.0
000554, 3.63
000680, 3.87
000685, 0.79
000692, 1.6
000698, 3.85
000702, 0.91
000703, 2.52
000713, 1.5
000735, 1.18
000753, 1.47
000759, 0.26
000767, 1.11
000825, 3.7
000830, 1.26
000848, 1.35
000850, 1.63
000852, 0.29
000877, 2.85
000893, 2.33
000900, 0.7
000919, 0.6
000931, 1.25
000932, 1.06
000933, 5.35
000937, 3.11
000939, 2.82
000962, 1.75
000972, 2.38
000976, 1.53
000980, 0.21
000983, 3.61
002002, 2.28
002024, 0.91
002047, 1.66
002067, 3.33
002083, 1.97
002084, 2.3
002086, 4.26
002093, 0.73
002100, 1.27
002126, 1.55
002145, 5.28
002154, 4.29
002158, 1.12
002178, 1.46
002203, 0.69
002204, 0.84
002218, 1.44
002220, 1.86
002233, 2.99
002240, 2.64
002248, 4.23
002255, 1.6
002274, 1.55
002277, 2.63
002307, 2.63
002321, 1.98
002325, 4.16
002336, 0.65
002337, 1.45
002342, 0.98
002344, 0.93
002351, 4.09
002357, 1.32
002363, 2.02
002382, 1.99
002392, 2.98
002420, 0.99
002426, 1.75
002455, 4.17
002476, 21.55
002487, 0.87
002496, 5.08
002501, 2.78
002507, 0.84
002521, 4.96
002524, 7.46
002540, 0.73
002560, 20.26
002561, 0.55
002566, 1.89
002579, 1.4
002585, 1.37
002587, 7.45
002628, 1.64
002687, 2.22
002689, 0.47
002711, 3.53
002770, 2.26
159901, 0
159902, 0
159919, 0
159922, 0
200026, 0.55
200055, 0.44
200429, 0.2
200488, 0.4
200521, 0.19
300083, 1.89
300086, 1.65
300091, 0.79
300151, 0.98
300154, 1.05
300155, 1.39
300157, 3.73
300169, 2.1
300239, 1.19
300261, 0.56
300289, 0.76
300301, 1.19
300305, 1.96
