600035, 0.78
600082, 2.82
600110, 5.1
600122, 2.84
600143, 0.55
600227, 1.67
600232, 3.85
600277, 1.18
600282, 1.42
600336, 4.23
600375, 1.53
600415, 0.63
600467, 2.43
600470, 4.32
600502, 2.14
600567, 1.39
600596, 2.89
600598, 1.43
600614, 2.46
600720, 2.83
600824, 3.61
600856, 1.42
600858, 2.14
600866, 1.03
600959, 1.25
600967, 4.41
601015, 4.78
601188, 0.62
601717, 3.04
000159, 8.23
000422, 1.94
000428, 0.8
000540, 0.91
000570, 2.76
000608, 0.59
000683, 4.5
000698, 10.73
000725, 1.68
000731, 7.69
000735, 4.41
000789, 3.55
000949, 1.26
000959, 0.81
000962, 0.85
001896, 4.92
002018, 1.2
002061, 3.37
002064, 1.64
002069, 0.49
002087, 5.76
002109, 1.34
002215, 2.16
002263, 2.49
002321, 6.44
002418, 6.81
002570, 0.97
002628, 0.85
200011, 0.41
200055, 0.36
200488, 0.25
200541, 0.03
300129, 1.05
