600005, 1.31
600011, 0.14
600018, 0.1
600020, 0.88
600023, 1.18
600028, 0.1
600033, 0.7
600039, 1.07
600048, 1.05
600057, 0.44
600067, 0.9
600068, 4.07
600075, 1.72
600089, 1.35
600099, 2.27
600101, 3.66
600108, 2.17
600121, 1.09
600133, 3.74
600143, 0.53
600157, 1.13
600159, 2.16
600162, 1.0
600169, 1.56
600170, 1.22
600175, 1.58
600192, 2.94
600193, 3.96
600210, 1.85
600220, 2.33
600232, 3.09
600249, 2.61
600256, 0.62
600266, 2.73
600269, 0.8
600273, 3.15
600277, 0.93
600281, 4.11
600284, 1.21
600285, 1.56
600300, 2.93
600320, 0.62
600327, 2.01
600350, 0.33
600351, 1.64
600358, 3.07
600359, 2.64
600361, 1.61
600370, 2.34
600380, 4.93
600387, 1.73
600396, 0.95
600408, 3.76
600429, 0.69
600448, 5.67
600466, 1.54
600469, 0.82
600481, 1.22
600507, 1.65
600515, 0.75
600527, 1.44
600533, 2.46
600546, 0.83
600569, 2.42
600578, 0.27
600581, 2.34
600582, 2.5
600583, 0.99
600606, 6.17
600611, 1.78
600616, 2.99
600635, 2.54
600642, 0.41
600643, 2.86
600644, 2.42
600665, 1.4
600667, 2.39
600674, 0.52
600683, 1.78
600686, 2.05
600691, 3.11
600703, 0.54
600720, 2.26
600723, 0.81
600724, 1.87
600731, 3.85
600737, 5.08
600757, 3.74
600759, 1.53
600782, 5.7
600784, 2.94
600791, 3.02
600795, 0.81
600800, 4.25
600802, 3.03
600808, 1.46
600811, 1.62
600814, 1.43
600820, 1.14
600827, 0.54
600830, 5.28
600858, 1.43
600863, 0.33
600864, 2.86
600865, 1.57
600871, 1.95
600875, 0.7
600881, 5.33
600882, 0.99
600889, 2.28
600894, 0.88
600959, 0.89
600982, 1.65
600987, 1.86
601113, 0.58
601117, 0.83
601126, 0.9
601137, 0.83
601169, 0.45
601179, 0.4
601226, 2.39
601288, 0.07
601313, 1.43
601328, 0.37
601339, 1.06
601368, 2.74
601518, 1.26
601579, 1.21
601588, 1.19
601600, 2.25
601666, 1.73
601818, 0.48
601857, 0.03
601886, 2.34
601933, 0.94
601939, 2.11
601985, 2.04
601988, 0.1
601996, 2.68
603011, 1.51
603123, 1.96
000001, 0.69
000005, 1.88
000008, 1.2
000027, 0.38
000059, 3.14
000061, 1.78
000066, 6.4
000069, 1.02
000166, 1.04
000407, 4.27
000417, 1.93
000419, 1.62
000425, 1.2
000429, 0.93
000430, 1.55
000516, 1.58
000539, 0.43
000543, 1.31
000561, 0.96
000572, 1.11
000598, 1.6
000601, 4.49
000612, 2.41
000616, 1.52
000637, 3.38
000671, 0.77
000673, 2.51
000685, 2.99
000690, 1.05
000692, 2.45
000708, 2.22
000709, 1.35
000735, 2.19
000761, 1.16
000778, 1.63
000793, 1.18
000800, 1.01
000816, 2.58
000825, 0.87
000833, 10.84
000850, 2.84
000876, 2.22
000877, 2.36
000883, 0.53
000898, 0.68
000903, 2.71
000926, 4.91
000927, 1.16
000978, 1.71
001896, 3.56
002011, 1.32
002029, 3.02
002047, 3.68
002064, 3.14
002083, 1.98
002084, 3.61
002097, 2.43
002116, 0.64
002166, 2.51
002187, 0.9
002204, 1.36
002225, 1.08
002232, 1.19
002244, 1.38
002263, 1.4
002274, 3.86
002293, 0.71
002300, 0.97
002327, 1.62
002336, 0.67
002345, 2.26
002351, 3.28
002382, 1.39
002397, 1.41
002419, 0.8
002429, 1.27
002489, 2.3
002493, 0.25
002521, 2.0
002528, 0.79
002531, 1.4
002556, 3.79
002561, 0.81
002563, 0.67
002638, 1.37
002666, 2.17
002671, 5.31
159901, 0
159919, 0
159922, 0
159927, 0
200012, 0.28
200022, 0.1
200037, 0.52
200539, 0.15
200613, 0.12
300084, 2.26
300094, 2.42
300107, 5.02
300117, 1.31
300132, 3.21
300135, 3.09
300146, 1.78
300154, 1.36
300189, 5.36
300214, 2.85
300217, 2.36
300239, 2.41
300315, 8.98
