600005, 0.83
600011, 0.25
600018, 0.17
600020, 0.88
600023, 2.0
600027, 0.71
600028, 0.12
600029, 2.03
600033, 1.02
600035, 1.9
600089, 2.13
600108, 2.87
600115, 0.97
600153, 2.55
600159, 1.09
600170, 1.65
600175, 1.01
600176, 1.56
600177, 1.31
600208, 0.58
600221, 1.07
600256, 0.76
600266, 1.54
600269, 0.97
600281, 2.69
600284, 1.45
600299, 1.24
600320, 1.16
600327, 0.97
600328, 1.86
600336, 1.73
600351, 0.79
600352, 0.71
600369, 1.52
600380, 1.08
600396, 2.75
600425, 1.44
600438, 0.98
600481, 0.86
600483, 2.18
600495, 3.97
600496, 1.05
600507, 1.23
600509, 2.15
600522, 4.78
600531, 5.57
600546, 1.0
600569, 1.35
600578, 0.36
600581, 1.92
600583, 0.96
600606, 3.66
600611, 0.89
600616, 2.9
600635, 0.89
600642, 0.44
600644, 1.86
600674, 0.59
600683, 0.7
600684, 4.57
600686, 1.47
600688, 0.59
600691, 2.9
600703, 0.63
600705, 2.18
600720, 1.68
600724, 0.73
600737, 2.53
600743, 0.92
600748, 0.78
600757, 1.26
600782, 3.12
600789, 7.19
600791, 1.64
600795, 1.18
600801, 0.95
600802, 2.77
600811, 1.04
600820, 1.57
600823, 0.43
600827, 0.41
600831, 0.91
600839, 5.99
600863, 0.46
600864, 1.37
600871, 2.2
600875, 0.78
600886, 1.11
600889, 2.54
600894, 0.67
600959, 1.2
600987, 1.6
601002, 5.2
601006, 0.51
601058, 1.25
601106, 2.28
601111, 0.8
601117, 1.43
601139, 0.12
601179, 1.11
601288, 0.07
601328, 0.34
601333, 0.72
601339, 0.5
601377, 1.38
601398, 0.05
601588, 0.67
601666, 1.82
601818, 0.37
601857, 0.03
601886, 0.87
601899, 1.53
601919, 1.0
601933, 0.66
601939, 0.95
601985, 4.04
601988, 0.1
601989, 1.59
603993, 0.69
000001, 0.7
000027, 0.55
000069, 0.71
000088, 0.5
000089, 0.6
000099, 1.39
000157, 1.36
000166, 1.2
000407, 1.73
000425, 1.5
000429, 2.37
000507, 2.15
000533, 1.85
000537, 4.02
000539, 0.45
000598, 1.43
000601, 2.26
000608, 3.05
000627, 1.69
000630, 2.9
000652, 1.95
000672, 3.63
000690, 0.55
000708, 1.23
000709, 1.29
000735, 1.26
000750, 2.11
000761, 0.82
000778, 2.57
000788, 0.77
000790, 1.11
000800, 1.05
000825, 0.96
000850, 1.51
000876, 1.45
000883, 0.45
000900, 1.36
000903, 2.0
000926, 1.6
000927, 1.38
000949, 1.52
001896, 1.99
002004, 1.16
002028, 1.96
002029, 1.24
002047, 1.77
002064, 1.35
002083, 1.17
002146, 1.03
002163, 6.88
002203, 0.59
002244, 0.93
002307, 5.36
002318, 2.21
002327, 0.94
002345, 0.99
002397, 3.61
002433, 1.41
002470, 0.49
002531, 0.85
002549, 3.41
002556, 2.87
002561, 0.75
002563, 0.48
002570, 2.4
002638, 2.42
002654, 3.79
002692, 1.99
002708, 7.09
002770, 6.89
159901, 0
159919, 0
159922, 0
159927, 0
200012, 0.71
200022, 0.35
200488, 0.46
200539, 0.21
200613, 0.07
300028, 6.79
300040, 4.58
300132, 2.59
300135, 6.15
300146, 2.37
300170, 7.1
300189, 1.94
