600006, 0.45
600010, 0.54
600011, 0.18
600017, 0.98
600019, 0.72
600020, 0.53
600023, 0.15
600029, 0.63
600031, 0.36
600033, 0.39
600035, 0.24
600048, 0.18
600050, 1.0
600051, 1.68
600052, 0.76
600057, 1.18
600063, 1.1
600067, 0.37
600070, 1.31
600074, 0.71
600076, 1.08
600077, 0.39
600078, 0.88
600080, 0.9
600084, 5.43
600090, 0.9
600093, 1.06
600094, 0.26
600095, 1.1
600096, 0.48
600100, 0.77
600101, 0.94
600103, 1.09
600105, 1.38
600111, 0.59
600112, 1.13
600115, 1.04
600116, 2.39
600121, 0.56
600122, 1.38
600123, 3.27
600125, 2.47
600130, 3.62
600131, 0.93
600133, 4.44
600135, 1.36
600153, 0.52
600156, 0.73
600159, 1.78
600162, 0.75
600166, 0.56
600168, 0.66
600176, 1.16
600177, 0.21
600180, 0.99
600185, 0.33
600186, 0.59
600187, 5.01
600189, 2.0
600193, 0.89
600203, 0.7
600206, 1.07
600208, 0.19
600210, 0.58
600216, 1.07
600218, 2.24
600220, 0.38
600221, 0.47
600222, 0.8
600223, 0.4
600226, 0.65
600227, 0.85
600229, 0.56
600232, 0.81
600235, 1.62
600237, 1.16
600240, 0.41
600261, 0.66
600268, 0.83
600269, 0.55
600273, 1.08
600277, 1.4
600280, 0.65
600283, 1.84
600285, 0.96
600287, 2.01
600289, 0.77
600290, 1.57
600292, 0.63
600295, 0.5
600302, 0.89
600305, 0.3
600311, 1.91
600321, 1.91
600327, 0.96
600330, 1.49
600337, 1.26
600350, 0.17
600355, 1.49
600356, 1.8
600365, 1.93
600368, 0.82
600376, 0.56
600377, 0.15
600378, 0.79
600380, 1.33
600386, 0.93
600388, 1.59
600390, 2.17
600395, 0.77
600396, 0.54
600403, 0.17
600405, 0.7
600410, 1.07
600422, 0.88
600426, 0.53
600429, 0.48
600432, 0.63
600433, 0.65
600448, 1.29
600458, 0.57
600460, 0.4
600461, 1.32
600467, 1.63
600468, 0.49
600470, 1.94
600478, 0.62
600496, 1.09
600499, 0.49
600512, 2.41
600515, 0.49
600516, 0.73
600517, 0.62
600526, 2.8
600530, 0.77
600531, 1.38
600533, 0.45
600546, 0.4
600548, 0.16
600550, 0.44
600555, 0.56
600558, 2.26
600561, 2.07
600567, 2.11
600575, 0.73
600578, 0.15
600580, 0.49
600581, 0.65
600582, 0.53
600586, 0.93
600589, 0.82
600597, 0.4
600601, 0.59
600611, 0.46
600613, 0.58
600619, 1.48
600624, 1.42
600635, 0.47
600642, 0.19
600644, 2.98
600658, 0.34
600665, 1.11
600683, 0.42
600684, 0.82
600690, 1.79
600695, 0.56
600704, 2.73
600708, 0.78
600712, 0.87
600713, 0.91
600719, 1.48
600722, 3.63
600724, 0.55
600726, 0.27
600727, 2.63
600730, 1.7
600731, 5.28
600737, 1.38
600738, 0.64
600743, 0.33
600744, 0.59
600748, 1.32
600755, 0.82
600757, 0.55
600761, 1.08
600770, 0.97
600776, 0.45
600790, 1.18
600791, 0.76
600796, 1.74
600797, 1.77
600803, 0.49
600805, 0.8
600806, 0.82
600810, 1.67
600811, 0.59
600812, 1.09
600823, 0.62
600825, 0.29
600831, 0.68
600841, 0.41
600846, 0.62
600853, 1.73
600862, 0.46
600865, 2.11
600866, 1.49
600869, 0.22
600873, 0.93
600874, 0.94
600881, 1.06
600882, 0.98
600894, 0.43
600917, 2.37
600959, 1.63
600960, 0.65
600963, 1.16
600975, 1.35
600978, 2.07
600981, 2.09
600982, 2.28
600987, 0.5
601002, 1.29
601010, 0.28
601016, 3.14
601058, 0.57
601101, 0.73
601111, 0.27
601126, 1.38
601139, 0.22
601158, 0.19
601186, 0.6
601199, 0.96
601208, 2.5
601216, 3.6
601218, 0.89
601226, 1.23
601231, 0.16
601288, 0.05
601313, 1.02
601328, 0.12
601339, 0.36
601368, 1.33
601369, 0.46
601377, 0.37
601398, 0.02
601515, 0.17
601518, 0.55
601579, 0.92
601588, 0.49
601599, 2.99
601608, 0.65
601616, 0.44
601636, 1.52
601678, 1.64
601718, 2.25
601766, 0.18
601789, 1.3
601808, 0.4
601818, 0.15
601872, 0.56
601899, 0.48
601918, 0.99
601928, 0.24
601929, 0.31
601933, 1.11
601939, 0.44
601958, 0.35
601985, 0.94
601988, 0.04
603002, 1.1
603023, 1.21
603077, 0.32
603123, 0.63
603128, 2.5
603167, 0.96
603333, 1.14
603366, 0.5
603618, 1.35
603901, 1.11
900905, 0.12
000001, 0.22
000009, 0.88
000021, 0.4
000027, 0.15
000030, 0.32
000031, 0.43
000035, 1.62
000036, 0.57
000037, 3.16
000040, 0.6
000046, 0.12
000058, 0.64
000069, 0.59
000078, 1.11
000089, 0.4
000090, 0.85
000099, 0.95
000100, 0.41
000157, 0.4
000301, 0.64
000402, 0.2
000404, 1.21
000409, 1.58
000415, 0.45
000417, 1.16
000420, 1.68
000426, 5.15
000429, 0.95
000430, 1.49
000510, 2.47
000520, 1.28
000521, 1.36
000529, 0.48
000531, 0.67
000537, 2.01
000539, 0.66
000540, 0.38
000541, 0.53
000543, 0.38
000545, 1.95
000551, 1.05
000554, 10.24
000559, 0.38
000564, 0.66
000565, 1.67
000570, 1.38
000571, 0.55
000573, 2.14
000589, 1.38
000592, 0.61
000598, 0.63
000599, 2.52
000600, 0.72
000611, 1.39
000616, 0.35
000636, 2.34
000650, 0.63
000652, 5.76
000665, 1.13
000667, 0.44
000671, 0.49
000680, 4.32
000685, 0.5
000692, 3.84
000700, 0.81
000705, 0.85
000708, 1.12
000715, 0.66
000718, 0.39
000719, 1.51
000721, 1.56
000725, 0.73
000726, 0.83
000729, 0.16
000731, 1.45
000757, 0.92
000760, 0.71
000780, 1.17
000783, 0.27
000793, 3.77
000816, 1.0
000830, 8.15
000831, 1.01
000837, 1.99
000848, 0.35
000851, 1.98
000856, 0.94
000859, 1.71
000861, 0.67
000863, 0.57
000868, 0.87
000882, 1.85
000886, 1.14
000888, 0.87
000890, 1.45
000897, 3.47
000898, 0.31
000899, 0.5
000900, 0.86
000908, 0.86
000918, 0.57
000919, 0.3
000932, 0.33
000936, 0.96
000939, 1.03
000955, 0.64
000961, 1.85
000967, 0.71
000968, 0.56
000969, 1.19
000973, 0.7
000978, 0.73
000987, 1.05
001696, 0.59
002002, 2.08
002003, 0.81
002004, 1.0
002011, 0.57
002017, 1.46
002020, 1.49
002023, 1.45
002024, 0.64
002026, 1.43
002029, 0.68
002031, 0.62
002033, 0.59
002044, 0.28
002047, 0.57
002050, 0.72
002054, 2.27
002056, 0.57
002060, 0.69
002062, 0.93
002063, 1.55
002067, 3.92
002068, 3.28
002069, 1.15
002071, 3.87
002073, 0.48
002079, 0.64
002081, 0.7
002083, 1.16
002084, 1.12
002087, 3.53
002091, 0.74
002093, 0.26
002097, 0.91
002099, 1.03
002100, 1.56
002102, 1.06
002104, 0.76
002106, 3.97
002109, 1.36
002116, 0.56
002118, 0.62
002124, 2.17
002127, 0.62
002128, 0.55
002131, 0.99
002135, 1.22
002137, 0.91
002139, 1.16
002145, 4.47
002152, 0.4
002154, 0.88
002158, 0.58
002160, 0.73
002161, 0.78
002165, 0.78
002167, 1.61
002172, 1.21
002176, 1.0
002177, 0.79
002181, 0.47
002183, 2.47
002185, 1.07
002187, 0.73
002194, 1.31
002204, 0.92
002215, 1.22
002218, 1.0
002225, 0.6
002228, 0.79
002232, 0.52
002237, 1.35
002238, 0.7
002240, 0.93
002243, 0.78
002245, 1.25
002248, 4.22
002255, 1.73
002256, 0.59
002261, 0.56
002266, 0.52
002267, 0.25
002269, 0.53
002270, 0.88
002274, 0.68
002276, 0.63
002285, 1.18
002288, 1.94
002293, 0.21
002298, 0.75
002303, 0.58
002308, 0.84
002309, 2.09
002312, 5.01
002317, 0.83
002318, 1.04
002325, 1.11
002327, 3.26
002328, 3.8
002329, 2.91
002334, 1.11
002336, 0.74
002337, 0.93
002344, 0.64
002360, 1.13
002369, 0.97
002374, 1.22
002375, 0.47
002376, 1.6
002381, 1.28
002392, 2.0
002398, 1.67
002402, 1.22
002403, 0.73
002404, 1.56
002421, 0.98
002428, 1.71
002431, 1.56
002433, 1.23
002448, 0.81
002452, 1.77
002454, 0.78
002457, 1.31
002461, 0.63
002463, 0.63
002470, 1.12
002471, 0.74
002474, 2.14
002477, 0.92
002478, 0.77
002479, 0.87
002494, 3.17
002495, 1.08
002497, 0.43
002498, 0.18
002500, 0.69
002501, 1.33
002504, 6.33
002506, 0.48
002510, 1.01
002516, 1.0
002520, 1.76
002521, 2.33
002523, 0.56
002527, 2.31
002531, 0.67
002532, 0.66
002533, 1.05
002535, 1.85
002536, 0.66
002538, 1.0
002540, 0.77
002545, 4.68
002548, 1.23
002550, 0.5
002559, 2.17
002563, 1.1
002566, 1.21
002574, 0.77
002586, 0.99
002587, 1.53
002593, 1.01
002598, 1.27
002604, 1.13
002607, 1.23
002608, 2.76
002610, 1.05
002613, 0.99
002637, 1.63
002641, 0.28
002644, 0.97
002654, 2.45
002666, 1.23
002671, 1.09
002682, 1.06
002688, 0.44
002689, 0.83
002697, 2.85
002701, 1.33
002707, 2.07
002770, 0.92
159901, 0
159902, 0
159919, 0
159922, 0
159927, 0
200018, 0.15
200020, 0.04
200025, 0.14
200026, 0.14
200037, 0.95
200429, 0.26
200521, 0.12
200539, 0.08
200541, 0.1
200625, 0.4
200706, 0.14
300002, 0.77
300018, 0.96
300026, 1.55
300027, 1.48
300029, 3.12
300039, 1.0
300041, 2.45
300043, 1.09
300045, 0.82
300048, 1.44
300058, 1.61
300066, 1.77
300074, 1.97
300079, 0.77
300092, 1.34
300102, 5.32
300107, 1.22
300112, 0.92
300139, 1.46
300146, 0.89
300151, 0.98
300152, 3.43
300154, 0.67
300155, 0.5
300157, 1.04
300165, 1.69
300170, 1.46
300171, 0.56
300172, 3.29
300181, 1.18
300185, 0.75
300193, 3.0
300198, 2.06
300205, 0.62
300206, 1.94
300211, 0.93
300214, 1.34
300217, 1.01
300219, 1.76
300255, 1.17
300256, 3.45
300261, 0.91
300263, 1.02
300264, 1.26
300270, 1.38
300274, 1.31
300287, 1.63
300292, 2.77
300303, 1.32
300307, 0.68
300316, 0.73
300318, 1.84
300326, 0.72
300328, 0.66
300341, 0.84
300370, 1.09
