600008, 1.14
600010, 0.43
600031, 1.16
600048, 1.78
600051, 1.08
600052, 1.02
600067, 0.53
600077, 1.75
600078, 1.07
600089, 1.37
600093, 2.72
600094, 0.42
600100, 1.14
600101, 1.65
600115, 1.9
600141, 1.14
600159, 1.95
600185, 0.9
600189, 4.21
600199, 2.42
600210, 1.52
600223, 0.76
600227, 0.85
600229, 0.86
600250, 0.69
600261, 0.94
600266, 1.96
600280, 0.72
600289, 1.61
600290, 4.87
600301, 0.91
600302, 1.12
600365, 0.81
600376, 1.28
600377, 0.06
600386, 0.89
600448, 1.36
600458, 0.6
600460, 2.02
600477, 1.22
600488, 0.41
600499, 1.04
600503, 1.11
600515, 0.65
600516, 1.24
600517, 0.63
600540, 2.62
600561, 1.38
600575, 0.38
600589, 3.11
600596, 1.81
600601, 0.89
600624, 0.9
600635, 0.92
600644, 1.7
600658, 0.49
600683, 0.7
600693, 0.99
600695, 0.73
600705, 0.86
600707, 1.38
600716, 2.72
600719, 1.49
600728, 3.18
600731, 3.43
600738, 0.71
600744, 0.59
600761, 1.7
600797, 1.23
600806, 1.85
600864, 1.11
600869, 3.09
600880, 2.37
600882, 0.81
600965, 0.5
600983, 0.83
600987, 0.74
601139, 0.15
601177, 3.37
601208, 1.19
601222, 0.73
601225, 0.6
601231, 0.44
601313, 0.64
601398, 0.03
601579, 2.62
601886, 0.33
601933, 1.63
601996, 5.83
603002, 1.09
603015, 3.52
603077, 1.42
603167, 1.0
603366, 1.61
603901, 3.03
000021, 0.64
000030, 0.83
000043, 1.25
000068, 0.36
000069, 0.74
000089, 1.0
000090, 0.93
000099, 1.33
000158, 0.86
000402, 0.71
000404, 1.51
000409, 1.94
000410, 1.24
000415, 0.51
000417, 1.63
000419, 1.5
000421, 1.99
000429, 0.89
000505, 0.78
000520, 1.78
000521, 2.79
000530, 2.07
000551, 1.99
000563, 2.22
000565, 1.78
000620, 0.27
000628, 1.69
000632, 2.25
000633, 0.95
000680, 3.83
000705, 1.09
000717, 0.71
000726, 1.08
000735, 1.3
000739, 1.05
000759, 0.72
000786, 0.78
000790, 0.71
000800, 2.53
000816, 1.16
000835, 1.22
000851, 3.48
000863, 0.43
000888, 1.13
000890, 1.12
000899, 2.14
000908, 0.49
000918, 0.92
000926, 1.94
000933, 1.05
000950, 0.69
000955, 1.02
000961, 2.38
000962, 1.82
000976, 2.16
000978, 1.52
002004, 0.73
002006, 0.97
002009, 1.92
002020, 1.58
002023, 1.2
002026, 2.1
002031, 0.84
002033, 1.02
002042, 4.73
002054, 7.87
002056, 1.56
002063, 1.3
002064, 1.13
002067, 1.66
002069, 1.24
002073, 0.68
002076, 3.55
002079, 1.92
002081, 1.89
002084, 0.82
002091, 2.17
002093, 2.26
002104, 0.91
002106, 3.51
002116, 0.51
002118, 1.48
002121, 0.69
002130, 0.99
002131, 1.96
002135, 0.73
002137, 1.28
002139, 3.45
002146, 0.91
002156, 1.3
002158, 0.51
002161, 0.76
002177, 1.78
002181, 0.23
002187, 1.33
002194, 1.05
002218, 1.18
002225, 1.28
002226, 4.89
002228, 0.74
002232, 1.06
002240, 6.07
002243, 0.78
002245, 1.9
002249, 1.1
002256, 0.86
002270, 1.08
002293, 0.23
002296, 0.91
002297, 3.51
002298, 1.38
002303, 0.49
002327, 1.7
002328, 1.55
002332, 1.32
002334, 1.52
002337, 0.76
002345, 1.25
002348, 2.03
002375, 0.61
002376, 0.81
002392, 1.65
002402, 6.65
002403, 0.71
002413, 0.87
002416, 1.28
002420, 1.17
002421, 1.07
002429, 0.77
002448, 1.5
002454, 0.69
002461, 1.08
002463, 0.87
002465, 0.9
002472, 0.76
002474, 1.57
002496, 2.26
002497, 8.57
002501, 2.39
002510, 1.28
002516, 0.85
002527, 2.32
002531, 0.56
002532, 0.93
002533, 0.93
002536, 0.74
002559, 1.84
002565, 2.88
002566, 1.36
002570, 0.97
002583, 0.95
002586, 0.83
002593, 0.81
002639, 2.42
002641, 0.49
002644, 1.32
002666, 2.77
002677, 5.61
002678, 0.2
002682, 1.06
002688, 0.71
002689, 1.02
002693, 1.14
002707, 1.85
002708, 1.22
002743, 2.39
002770, 2.87
159901, 0
159902, 0
159909, 0
159911, 0
159922, 0
159927, 0
200018, 0.1
200022, 0.08
200030, 0.17
200512, 0.04
200706, 0.06
300002, 1.61
300019, 2.07
300039, 1.03
300041, 1.29
300045, 1.39
300048, 1.16
300053, 2.66
300067, 0.76
300074, 2.18
300079, 1.22
300087, 0.64
300092, 1.92
300095, 1.73
300098, 2.55
300102, 2.12
300105, 1.17
300108, 1.11
300112, 1.14
300126, 2.72
300131, 4.57
300139, 1.63
300146, 0.67
300154, 0.82
300155, 1.13
300157, 1.2
300162, 1.28
300165, 3.61
300193, 3.15
300198, 2.2
300211, 1.36
300214, 1.35
300241, 2.77
300256, 4.32
300259, 1.05
300263, 1.57
300267, 0.47
300270, 1.56
300274, 0.93
300283, 1.45
300289, 0.87
300290, 1.97
300297, 1.11
300305, 1.53
300318, 1.09
300326, 0.69
300328, 1.01
300370, 1.4
300390, 3.95
