600004, 0.3
600011, 0.08
600018, 0.15
600020, 0.92
600033, 0.77
600039, 1.28
600048, 0.82
600059, 9.32
600089, 1.21
600098, 0.82
600117, 3.27
600122, 1.49
600160, 2.06
600163, 1.03
600176, 0.68
600177, 0.36
600183, 1.43
600192, 3.73
600207, 3.92
600208, 0.16
600219, 1.16
600231, 3.97
600269, 1.07
600295, 0.94
600300, 0.39
600307, 5.84
600308, 4.5
600319, 0.95
600323, 1.17
600327, 1.91
600335, 0.45
600352, 0.63
600368, 1.08
600399, 4.66
600409, 0.92
600418, 0.99
600428, 1.52
600481, 0.92
600489, 1.36
600502, 2.23
600508, 1.01
600522, 1.55
600537, 3.09
600548, 0.17
600582, 1.05
600586, 2.24
600595, 0.84
600684, 2.14
600690, 0.57
600693, 1.89
600701, 1.39
600704, 4.84
600705, 0.55
600719, 2.03
600755, 1.1
600761, 1.33
600773, 4.93
600780, 0.5
600782, 2.38
600798, 0.84
600810, 4.84
600820, 1.1
600858, 1.49
600863, 0.3
600873, 1.49
600881, 2.77
600888, 5.48
600889, 3.89
600961, 1.24
600963, 1.48
600967, 2.42
600971, 1.15
600984, 0.77
600997, 0.96
601007, 3.73
601011, 1.56
601012, 0.56
601018, 0.31
601058, 0.83
601158, 0.11
601186, 1.09
601288, 0.04
601377, 0.79
601398, 0.02
601518, 0.55
601588, 0.42
601618, 1.24
601636, 2.27
601766, 0.39
601818, 0.1
601872, 0.76
601898, 0.24
601899, 0.8
601901, 2.81
601919, 0.87
601939, 0.5
601988, 0.05
601989, 1.48
603993, 0.47
900905, 0.13
000099, 0.81
000157, 0.9
000426, 1.03
000428, 1.13
000498, 4.7
000528, 2.41
000546, 4.26
000554, 5.49
000572, 1.44
000585, 9.16
000589, 3.01
000600, 0.65
000611, 1.08
000630, 1.64
000636, 3.2
000680, 6.38
000708, 1.49
000719, 1.34
000729, 0.84
000739, 1.08
000751, 2.18
000786, 1.14
000837, 14.95
000852, 1.23
000868, 1.55
000883, 0.18
000900, 1.0
000949, 0.56
000960, 1.54
000962, 0.95
000968, 0.84
001896, 5.32
002012, 2.3
002028, 1.69
002081, 1.3
002106, 1.02
002109, 0.99
002121, 0.64
002128, 0.58
002178, 1.32
002204, 0.91
002214, 1.91
002215, 1.24
002219, 0.36
002236, 0.96
002244, 0.44
002245, 2.37
002254, 2.48
002255, 3.47
002259, 0.98
002367, 0.44
002376, 1.05
002397, 19.45
002428, 0.92
002478, 2.34
002523, 0.81
002535, 3.26
002539, 1.06
002585, 1.4
002600, 5.65
002614, 1.22
002648, 0.57
159919, 0
200037, 0.3
200054, 0.02
200055, 0.14
200488, 0.53
200992, 0.03
300006, 0.67
300091, 1.32
300129, 1.84
300219, 2.22
300225, 3.34
300239, 0.9
300251, 0.41
300303, 5.51
300337, 0.27
