600028, 0.24
600035, 1.13
600256, 1.2
600301, 8.16
600438, 1.88
600500, 5.21
600558, 4.95
600581, 0.87
600583, 1.98
600688, 1.72
600720, 2.64
600787, 2.69
600794, 1.37
600827, 1.34
600856, 2.04
600959, 1.26
601113, 0.72
601333, 2.14
601857, 0.09
601890, 3.67
601933, 0.64
603369, 1.7
000018, 6.02
000656, 1.6
000690, 1.24
000759, 1.14
000809, 2.17
000875, 5.83
000882, 2.8
000949, 1.58
001896, 3.23
002050, 0.73
002064, 1.3
002166, 6.42
002178, 1.75
002215, 1.24
002225, 2.5
002258, 1.37
002264, 2.34
002336, 0.91
002470, 0.89
002564, 4.8
002588, 2.21
200055, 0.1
200488, 0.28
200539, 0.18
300002, 0.87
