600015, 0.42
600019, 0.94
600020, 1.46
600033, 1.1
600035, 1.99
600050, 1.87
600052, 2.65
600057, 0.7
600063, 2.31
600068, 4.11
600080, 2.9
600089, 2.24
600090, 1.76
600091, 1.21
600095, 2.25
600096, 2.0
600098, 0.84
600106, 2.25
600108, 2.68
600123, 7.37
600157, 1.61
600162, 2.54
600186, 1.82
600188, 1.15
600190, 1.86
600193, 3.95
600199, 2.89
600206, 2.89
600208, 0.85
600210, 1.75
600215, 2.01
600217, 0.92
600220, 1.96
600223, 1.03
600232, 2.15
600235, 1.95
600238, 1.73
600239, 5.48
600249, 4.84
600251, 4.17
600256, 1.37
600269, 1.31
600273, 3.29
600277, 1.31
600279, 3.69
600292, 1.68
600302, 2.33
600308, 2.75
600311, 2.47
600350, 0.26
600354, 4.67
600356, 2.58
600358, 2.69
600359, 4.67
600361, 0.95
600369, 3.21
600383, 0.14
600388, 1.69
600393, 1.8
600397, 3.19
600398, 0.42
600399, 9.82
600403, 0.79
600425, 2.18
600426, 1.07
600439, 2.46
600448, 4.11
600449, 3.27
600460, 1.7
600469, 1.42
600481, 1.7
600490, 6.12
600507, 1.16
600508, 2.6
600509, 1.77
600517, 1.97
600533, 2.05
600540, 4.69
600546, 1.25
600548, 0.32
600565, 2.15
600567, 1.42
600569, 1.76
600575, 0.8
600589, 1.84
600596, 4.74
600598, 1.01
600616, 2.28
600617, 1.87
600618, 1.9
600624, 2.49
600642, 0.41
600643, 2.72
600655, 1.07
600664, 0.29
600665, 0.93
600667, 2.07
600674, 0.36
600676, 1.04
600691, 2.92
600695, 1.08
600698, 3.51
600712, 1.93
600716, 1.74
600717, 1.96
600720, 2.99
600723, 0.67
600731, 5.22
600738, 1.8
600744, 1.37
600746, 2.07
600757, 2.2
600759, 1.01
600769, 2.0
600778, 2.49
600780, 0.75
600789, 4.42
600790, 1.6
600791, 2.37
600792, 2.8
600801, 2.31
600803, 0.54
600805, 1.79
600808, 2.3
600811, 1.52
600812, 0.92
600814, 1.48
600815, 2.9
600819, 0.82
600824, 0.89
600827, 0.61
600841, 1.08
600846, 2.97
600854, 1.62
600856, 1.46
600858, 1.05
600860, 1.84
600864, 2.92
600865, 2.13
600873, 4.36
600880, 4.28
600881, 2.0
600882, 1.2
600888, 4.46
600889, 2.99
600896, 1.48
600960, 2.54
600963, 1.41
600966, 3.52
600967, 3.5
600970, 4.37
600973, 1.81
600981, 4.82
600982, 2.51
600992, 2.71
601000, 1.91
601001, 4.81
601003, 1.14
601006, 0.56
601008, 6.69
601028, 2.67
601058, 1.72
601099, 4.41
601107, 0.92
601117, 1.43
601137, 1.46
601169, 0.24
601179, 1.22
601188, 0.84
601208, 1.31
601218, 3.26
601233, 2.88
601328, 0.32
601339, 0.81
601368, 3.01
601377, 4.35
601518, 1.56
601599, 5.02
601600, 2.82
601618, 1.99
601636, 1.86
601717, 3.15
601766, 1.29
601777, 1.15
601818, 0.26
601886, 1.8
601899, 5.16
601918, 2.31
601919, 2.05
601928, 0.47
601939, 0.99
601965, 0.88
601992, 0.52
601998, 0.19
603002, 1.89
603015, 5.31
603126, 8.48
603167, 2.87
603993, 2.81
000001, 0.67
000012, 1.8
000061, 0.67
000088, 1.51
000153, 3.35
000159, 2.16
000166, 2.16
000301, 1.51
000417, 1.5
000419, 1.38
000425, 3.61
000428, 0.94
000429, 0.98
000430, 1.99
000498, 7.6
000506, 2.84
000507, 4.49
000514, 2.93
000516, 3.6
000528, 5.88
000530, 1.49
000539, 0.66
000543, 4.47
000548, 4.52
000552, 6.75
000557, 1.95
000572, 1.39
000589, 2.8
000601, 1.23
000619, 3.01
000650, 2.12
000672, 3.26
000680, 16.09
000685, 1.63
000692, 1.55
000698, 6.58
000703, 4.87
000708, 1.97
000713, 1.92
000737, 1.87
000750, 6.17
000756, 3.69
000759, 0.46
000785, 5.19
000800, 1.23
000816, 3.6
000825, 2.08
000828, 0.58
000850, 3.08
000868, 1.93
000876, 0.82
000877, 3.22
000898, 0.98
000903, 1.38
000906, 1.94
000926, 1.49
000931, 2.49
000932, 3.75
000939, 2.32
000955, 5.47
001896, 1.76
002005, 2.56
002028, 2.25
002029, 2.12
002063, 2.58
002067, 7.01
002069, 1.46
002098, 0.24
002109, 1.23
002110, 5.31
002128, 3.4
002139, 2.58
002162, 1.86
002163, 4.29
002187, 0.99
002191, 0.83
002195, 3.29
002214, 1.6
002219, 1.31
002225, 1.73
002231, 3.96
002232, 1.75
002233, 4.27
002255, 7.19
002269, 1.14
002274, 2.96
002277, 1.69
002293, 0.53
002302, 1.27
002321, 2.9
002328, 8.26
002334, 3.47
002336, 1.09
002337, 3.6
002363, 3.7
002369, 2.84
002388, 5.63
002397, 1.48
002398, 1.93
002419, 0.66
002453, 3.75
002457, 3.61
002461, 0.77
002469, 2.87
002484, 1.43
002497, 2.13
002498, 0.68
002500, 3.97
002501, 3.82
002504, 4.0
002505, 2.22
002531, 0.9
002540, 2.99
002556, 2.63
002560, 16.59
002561, 0.86
002564, 0.11
002566, 5.19
002570, 1.0
002579, 3.74
002598, 3.0
002600, 4.36
002604, 6.33
002607, 3.13
002630, 3.52
002641, 1.03
002666, 1.7
002677, 1.93
002682, 2.33
002711, 4.83
159901, 0
159919, 0
159922, 0
200011, 0.35
200019, 0.49
200026, 0.23
300039, 2.84
300043, 1.67
300084, 5.78
300094, 1.93
300102, 4.3
300117, 1.77
300135, 4.85
300147, 2.03
300154, 1.48
300189, 4.16
300193, 3.95
300206, 2.73
300211, 3.08
300214, 3.47
300217, 2.58
300239, 5.7
300251, 0.96
300267, 0.56
300297, 2.14
300305, 5.86
300328, 2.59
300390, 4.36
