600005, 0.58
600019, 0.2
600026, 0.88
600031, 0.23
600052, 1.92
600080, 2.66
600086, 0.91
600093, 1.68
600096, 0.67
600099, 1.97
600108, 4.01
600133, 2.29
600157, 0.63
600168, 8.44
600169, 0.96
600183, 1.33
600191, 0.56
600203, 2.27
600220, 0.72
600229, 1.22
600237, 5.67
600273, 1.75
600280, 0.85
600300, 2.3
600305, 1.33
600308, 0.66
600311, 2.01
600356, 1.43
600396, 0.94
600399, 1.37
600448, 2.28
600462, 2.53
600488, 1.22
600495, 3.0
600508, 0.76
600509, 0.66
600516, 3.32
600533, 1.28
600546, 0.38
600548, 0.2
600550, 0.41
600555, 1.56
600558, 1.45
600567, 1.94
600572, 1.31
600575, 0.45
600581, 0.91
600586, 0.97
600603, 0.47
600644, 3.01
600691, 1.56
600713, 0.6
600716, 1.04
600727, 3.65
600728, 1.6
600731, 3.96
600742, 2.61
600778, 1.27
600780, 0.34
600798, 1.63
600812, 0.37
600820, 1.2
600825, 0.62
600834, 0.42
600853, 2.88
600858, 1.35
600866, 1.1
600868, 6.68
600871, 1.22
600963, 1.35
600966, 1.47
600982, 1.26
601001, 1.49
601006, 0.19
601118, 0.74
601169, 0.13
601369, 1.21
601515, 0.18
601616, 1.75
601898, 0.16
601918, 0.8
601996, 1.95
603123, 3.87
603128, 1.43
603167, 1.94
603300, 2.32
000059, 1.49
000153, 1.55
000429, 1.33
000507, 1.59
000516, 0.76
000517, 0.3
000521, 3.96
000543, 0.79
000552, 2.27
000557, 1.98
000597, 1.59
000673, 2.27
000685, 0.57
000692, 0.97
000702, 1.26
000705, 1.95
000713, 1.23
000726, 0.65
000729, 0.42
000753, 1.65
000759, 1.43
000767, 1.49
000780, 6.23
000811, 1.67
000828, 1.39
000852, 0.43
000893, 3.32
000899, 0.64
000900, 1.27
000919, 0.3
000933, 0.88
001896, 1.25
002004, 1.14
002015, 1.99
002020, 0.91
002021, 1.5
002042, 1.24
002047, 2.62
002083, 0.89
002100, 2.42
002126, 2.29
002145, 3.05
002154, 4.47
002203, 0.65
002204, 1.43
002216, 0.46
002220, 2.51
002291, 1.99
002307, 2.24
002317, 0.98
002325, 3.71
002336, 0.45
002337, 1.43
002342, 1.19
002357, 0.98
002363, 1.05
002379, 3.99
002381, 3.14
002413, 2.14
002447, 3.46
002455, 2.13
002457, 2.5
002487, 0.64
002501, 3.91
002521, 4.02
002524, 3.17
002534, 1.0
002565, 1.48
002586, 1.53
002634, 7.69
002683, 3.71
002687, 9.64
002689, 1.15
002697, 0.99
002711, 5.83
200026, 1.48
200429, 0.26
200570, 0.17
300041, 1.51
300067, 2.07
300102, 3.44
300117, 1.34
300154, 1.09
300169, 1.85
300172, 7.13
300192, 1.89
300217, 2.2
300240, 4.43
300267, 0.29
300303, 9.52
300337, 0.85
