600004, 0.91
600020, 0.46
600021, 1.94
600023, 0.61
600026, 0.45
600028, 0.05
600031, 0.28
600033, 0.42
600039, 0.6
600050, 0.2
600057, 0.44
600077, 0.92
600089, 0.52
600098, 0.44
600103, 2.43
600121, 0.49
600126, 1.17
600143, 0.43
600159, 1.39
600165, 1.68
600221, 0.35
600227, 0.82
600236, 0.45
600248, 0.46
600256, 0.49
600261, 0.29
600269, 0.56
600284, 0.79
600308, 0.94
600346, 0.44
600390, 0.88
600416, 1.57
600422, 1.21
600439, 1.52
600488, 0.32
600546, 0.44
600597, 1.16
600603, 0.58
600611, 1.4
600616, 1.05
600635, 0.82
600642, 0.48
600657, 0.89
600684, 1.32
600720, 2.62
600723, 0.61
600724, 0.51
600725, 1.52
600791, 1.81
600806, 0.82
600810, 0.87
600811, 0.41
600820, 0.66
600824, 0.73
600825, 0.8
600839, 1.12
600844, 0.74
600858, 1.67
600864, 0.97
600970, 1.75
601028, 0.99
601117, 0.41
601139, 0.17
601188, 2.56
601588, 0.79
601618, 0.69
601666, 0.38
601669, 0.21
601727, 0.43
601801, 0.22
601872, 0.29
601992, 0.18
603167, 1.05
000027, 0.19
000030, 0.25
000031, 1.09
000039, 0.54
000061, 0.43
000069, 0.56
000088, 0.22
000157, 0.56
000159, 2.19
000422, 4.31
000488, 1.84
000507, 0.64
000516, 1.38
000528, 0.62
000540, 0.59
000597, 0.81
000598, 1.02
000600, 0.47
000608, 0.7
000635, 1.83
000667, 2.45
000671, 1.06
000685, 0.47
000709, 0.45
000726, 0.57
000778, 0.86
000789, 0.96
000825, 0.29
000830, 1.29
000856, 0.6
000877, 6.24
000898, 0.1
000899, 0.56
000900, 0.6
000926, 1.81
000965, 0.77
000966, 0.69
000978, 0.91
002020, 2.41
002043, 21.1
002050, 1.37
002132, 7.86
002187, 0.73
002216, 0.39
002221, 0.96
002277, 0.81
002305, 1.28
002307, 1.09
002317, 1.93
002325, 3.02
002332, 1.67
002423, 0.61
002503, 0.39
002628, 1.42
002701, 2.31
159901, 0
159919, 0
159927, 0
200011, 0.35
200012, 0.24
200016, 0.08
200029, 0.1
200030, 0.22
200054, 0.13
200056, 0.15
200521, 0.07
200541, 0.15
300225, 4.14
300232, 0.95
300320, 1.02
