600015, 0.45
600027, 0.35
600048, 1.03
600126, 1.44
600165, 2.8
600215, 4.19
600216, 2.07
600227, 2.59
600236, 1.16
600269, 0.52
600275, 1.65
600284, 2.09
600310, 2.43
600346, 0.74
600350, 0.28
600368, 1.27
600376, 1.23
600400, 0.85
600449, 3.55
600512, 11.69
600538, 3.65
600603, 0.67
600611, 3.75
600618, 1.61
600635, 2.1
600642, 0.32
600674, 0.33
600681, 2.2
600683, 3.09
600684, 4.09
600713, 1.11
600725, 0.38
600726, 1.66
600801, 2.32
600824, 2.43
600825, 2.53
600827, 1.14
600838, 8.61
600886, 0.65
600900, 0.15
600997, 2.33
601058, 1.3
601216, 0.69
601668, 0.34
601699, 2.64
601801, 0.23
601898, 0.5
601918, 1.2
601933, 0.67
603123, 1.2
000006, 5.17
000011, 10.09
000016, 3.48
000089, 0.44
000090, 3.21
000428, 2.18
000488, 2.12
000507, 2.57
000521, 2.69
000533, 1.23
000564, 3.31
000597, 1.11
000598, 1.41
000600, 1.01
000659, 1.66
000690, 0.68
000863, 0.78
000897, 2.71
000900, 0.81
000966, 1.12
002062, 1.83
002078, 1.13
002087, 2.73
002099, 1.87
002133, 8.3
002146, 1.32
002277, 1.18
002302, 0.74
002397, 8.86
002419, 1.06
002561, 2.25
002665, 0.62
002678, 0.6
200012, 0.27
200017, 0.22
200030, 0.3
200429, 0.58
200488, 0.48
200541, 0.1
200771, 1.1
