600008, 0.85
600010, 1.0
600011, 0.15
600015, 0.58
600020, 1.48
600021, 0.58
600023, 0.34
600026, 2.31
600027, 0.33
600029, 2.01
600033, 1.2
600039, 1.11
600048, 0.62
600063, 3.05
600109, 1.55
600111, 0.62
600125, 3.61
600163, 3.91
600166, 1.08
600170, 1.57
600177, 0.51
600188, 0.33
600192, 2.12
600208, 0.26
600219, 1.19
600221, 1.47
600252, 0.82
600269, 0.94
600295, 0.86
600297, 3.22
600317, 0.53
600327, 3.14
600348, 1.38
600352, 0.94
600368, 4.48
600377, 0.08
600395, 0.75
600426, 1.65
600429, 0.7
600496, 2.1
600502, 2.26
600507, 2.16
600537, 1.5
600546, 0.5
600578, 0.34
600586, 2.4
600595, 1.23
600606, 1.76
600635, 0.93
600642, 0.61
600674, 0.88
600684, 2.3
600690, 1.48
600705, 0.65
600708, 0.9
600743, 0.85
600755, 2.2
600780, 1.08
600795, 0.57
600798, 3.53
600806, 1.9
600811, 0.86
600820, 1.38
600823, 0.63
600839, 2.22
600863, 0.62
600886, 0.64
600900, 0.19
600978, 0.67
600982, 5.01
600984, 6.07
600997, 0.97
601001, 1.12
601018, 0.41
601058, 0.58
601118, 0.93
601169, 0.43
601179, 0.62
601225, 0.5
601288, 0.31
601328, 0.38
601377, 0.92
601398, 0.06
601588, 1.76
601618, 0.53
601636, 1.44
601668, 0.85
601669, 1.06
601766, 0.54
601818, 0.39
601872, 1.72
601880, 1.53
601898, 0.3
601899, 0.86
601933, 2.07
601939, 1.4
601958, 0.35
601985, 3.43
601988, 0.15
601992, 2.8
601998, 0.17
900905, 0.14
000001, 0.53
000018, 1.76
000069, 0.61
000088, 1.01
000100, 1.63
000157, 1.3
000407, 2.81
000415, 0.76
000420, 7.6
000429, 1.21
000498, 5.6
000517, 0.25
000520, 2.26
000521, 4.66
000539, 0.31
000552, 1.68
000571, 0.65
000589, 3.77
000599, 3.2
000600, 0.86
000612, 1.02
000630, 1.37
000631, 1.57
000636, 6.81
000667, 1.16
000680, 6.33
000688, 1.0
000698, 4.99
000708, 1.26
000717, 0.39
000729, 0.8
000751, 2.96
000761, 0.64
000786, 1.75
000816, 0.92
000825, 1.91
000852, 2.08
000863, 0.65
000868, 1.72
000876, 0.7
000883, 0.48
000897, 2.83
000898, 0.5
000900, 3.3
000937, 1.66
000939, 0.7
000949, 1.11
002021, 1.54
002050, 0.58
002056, 0.6
002081, 0.74
002102, 1.34
002109, 0.59
002128, 1.01
002160, 0.87
002178, 8.0
002203, 0.45
002204, 2.81
002215, 0.96
002255, 2.13
002398, 2.73
002478, 1.64
002523, 0.63
002562, 6.41
002567, 2.06
159901, 0
159919, 0
159927, 0
200012, 0.25
200030, 0.2
200429, 0.45
200521, 0.42
300058, 1.01
300152, 1.83
300185, 1.5
300193, 3.31
300198, 2.7
300264, 2.56
300267, 0.36
300303, 1.98
