600015, 0.23
600017, 2.09
600018, 0.12
600019, 0.33
600020, 0.61
600023, 1.38
600029, 1.45
600033, 0.85
600035, 1.57
600039, 0.83
600048, 0.76
600057, 1.01
600063, 1.24
600067, 1.03
600068, 1.36
600089, 1.58
600091, 0.72
600095, 1.4
600096, 1.21
600098, 0.89
600106, 0.66
600108, 1.3
600115, 0.64
600121, 0.96
600123, 2.08
600143, 0.9
600152, 3.6
600157, 0.71
600160, 0.95
600162, 1.31
600165, 1.11
600166, 1.58
600169, 3.72
600170, 2.3
600175, 1.03
600176, 1.04
600188, 0.31
600190, 1.2
600192, 1.93
600193, 2.44
600199, 1.7
600202, 1.58
600206, 1.73
600208, 0.83
600210, 4.19
600215, 1.44
600217, 0.76
600218, 1.73
600220, 1.94
600221, 0.95
600223, 0.73
600226, 0.62
600229, 1.97
600232, 1.57
600238, 0.97
600239, 0.9
600240, 1.84
600243, 4.6
600249, 4.57
600251, 1.09
600256, 1.18
600266, 0.71
600269, 0.77
600273, 6.03
600277, 0.92
600279, 1.85
600284, 2.05
600285, 0.65
600292, 1.09
600302, 3.71
600311, 1.97
600313, 2.16
600317, 0.75
600320, 1.16
600333, 2.24
600350, 0.27
600351, 1.12
600359, 1.64
600361, 0.8
600365, 3.2
600369, 1.17
600376, 0.83
600383, 0.31
600387, 1.37
600388, 1.03
600397, 1.7
600399, 2.62
600403, 0.32
600416, 1.13
600425, 1.11
600426, 0.76
600429, 0.55
600438, 0.71
600448, 2.97
600449, 1.85
600460, 0.79
600466, 2.78
600469, 0.77
600483, 7.56
600490, 2.11
600507, 0.46
600508, 0.91
600515, 2.21
600526, 2.67
600527, 1.54
600533, 2.79
600540, 1.82
600546, 0.61
600548, 0.2
600567, 0.66
600569, 0.61
600575, 2.86
600578, 0.2
600581, 1.24
600582, 0.74
600583, 0.43
600586, 1.96
600589, 1.14
600598, 0.79
600614, 2.41
600616, 1.24
600617, 1.37
600618, 1.16
600624, 1.35
600635, 1.24
600642, 0.31
600643, 1.11
600644, 1.56
600651, 2.73
600665, 1.02
600667, 2.08
600674, 0.35
600676, 0.73
600681, 1.28
600683, 0.77
600684, 2.52
600691, 6.9
600707, 1.78
600708, 3.69
600719, 2.02
600720, 1.6
600723, 0.5
600724, 0.59
600726, 0.59
600731, 3.09
600737, 4.84
600738, 1.75
600744, 1.28
600757, 1.28
600759, 0.82
600778, 1.37
600780, 0.29
600789, 2.52
600791, 1.26
600792, 1.71
600795, 0.53
600800, 7.03
600801, 0.98
600805, 1.14
600811, 1.33
600812, 0.78
600814, 1.57
600815, 1.17
600824, 0.71
600825, 0.71
600827, 0.3
600830, 3.03
600831, 0.67
600841, 0.98
600846, 2.02
600854, 1.33
600856, 0.69
600858, 0.73
600863, 0.31
600864, 1.56
600865, 3.67
600873, 2.17
600875, 1.25
600880, 1.96
600881, 1.43
600882, 1.06
600888, 2.46
600889, 2.09
600959, 0.72
600960, 0.94
600966, 1.84
600973, 0.99
600978, 1.84
600981, 3.34
600982, 1.34
600987, 0.69
601000, 1.21
601003, 0.62
601006, 0.27
601007, 1.95
601009, 0.35
601018, 0.54
601058, 1.05
601107, 0.38
601111, 0.57
601113, 0.76
601117, 0.8
601126, 1.97
601137, 0.9
601139, 0.18
601169, 0.11
601179, 0.53
601188, 0.49
601208, 0.86
601218, 1.57
601226, 2.99
601313, 0.7
601328, 0.11
601333, 0.38
601339, 0.62
601368, 2.06
601369, 0.73
601388, 1.72
601515, 0.39
601518, 1.28
601588, 0.62
601600, 0.88
601608, 0.94
601678, 1.58
601717, 2.78
601777, 0.91
601808, 0.18
601818, 0.18
601857, 0.01
601866, 2.56
601872, 1.81
601898, 0.27
601899, 1.48
601908, 0.63
601928, 0.27
601933, 0.4
601939, 0.36
601985, 3.9
601992, 0.36
601996, 1.69
601998, 0.06
603002, 1.56
603015, 3.34
603123, 2.17
603167, 2.25
603227, 6.9
603993, 0.74
000001, 0.35
000005, 1.57
000016, 1.44
000027, 0.24
000030, 0.33
000059, 1.92
000061, 0.39
000157, 0.84
000159, 1.23
000166, 1.65
000402, 1.45
000407, 0.84
000417, 2.08
000419, 0.99
000425, 1.25
000428, 0.75
000430, 1.68
000506, 7.71
000507, 2.08
000514, 0.95
000516, 4.15
000520, 8.79
000530, 1.63
000539, 0.33
000543, 1.52
000545, 2.48
000548, 2.28
000551, 1.68
000552, 1.76
000557, 1.41
000572, 0.64
000589, 1.79
000597, 3.32
000598, 2.11
000616, 0.79
000619, 2.54
000632, 1.83
000636, 3.64
000637, 2.29
000650, 1.63
000652, 1.24
000672, 2.11
000673, 2.95
000685, 0.53
000692, 1.42
000698, 5.49
000700, 1.3
000703, 0.9
000708, 0.7
000709, 0.55
000716, 2.92
000726, 2.39
000735, 1.11
000753, 1.45
000756, 1.55
000759, 0.62
000761, 0.36
000778, 0.92
000785, 4.49
000795, 2.82
000809, 1.76
000816, 1.42
000828, 0.41
000830, 1.78
000833, 4.91
000850, 1.92
000862, 1.34
000868, 1.08
000876, 0.53
000877, 1.08
000883, 0.29
000897, 1.24
000898, 0.27
000903, 0.81
000926, 1.72
000931, 2.11
000949, 1.27
000950, 1.22
000955, 2.31
001896, 1.76
002002, 0.68
002004, 0.85
002005, 1.51
002011, 2.16
002018, 1.32
002026, 1.32
002028, 1.14
002029, 1.0
002046, 0.91
002047, 1.69
002063, 2.56
002064, 1.24
002067, 2.03
002069, 0.75
002084, 4.1
002087, 3.77
002097, 7.18
002116, 1.16
002128, 1.24
002162, 1.46
002163, 2.02
002187, 0.68
002191, 0.97
002204, 6.92
002214, 1.5
002215, 3.13
002218, 1.26
002225, 1.14
002228, 1.08
002232, 0.9
002263, 2.77
002269, 2.66
002274, 1.97
002277, 1.94
002288, 2.47
002293, 0.78
002302, 0.64
002307, 2.92
002318, 1.57
002321, 2.04
002327, 0.99
002336, 0.73
002337, 1.12
002340, 1.37
002348, 1.15
002361, 1.75
002369, 1.81
002397, 0.81
002419, 0.32
002441, 2.66
002453, 1.79
002457, 2.94
002461, 0.57
002481, 0.88
002487, 2.16
002489, 0.59
002497, 1.34
002498, 0.47
002501, 1.58
002504, 3.45
002505, 1.36
002521, 1.5
002528, 2.0
002533, 1.66
002540, 1.61
002542, 1.08
002556, 1.67
002560, 3.79
002561, 0.66
002570, 0.86
002579, 1.35
002585, 1.74
002600, 3.73
002607, 3.0
002641, 0.37
002654, 5.96
002666, 1.74
002677, 0.94
002689, 0.63
002770, 1.96
159901, 0
159909, 0
159919, 0
159922, 0
159927, 0
200017, 0.14
200019, 0.72
200022, 0.11
200505, 1.5
200613, 0.1
300006, 2.86
300022, 3.52
300039, 1.07
300040, 2.92
300043, 0.97
300084, 3.01
300094, 2.07
300117, 0.86
300129, 1.16
300135, 4.16
300146, 1.21
300147, 0.89
300154, 1.13
300164, 1.83
300189, 1.25
300193, 2.62
300206, 1.58
300214, 1.93
300217, 3.72
300251, 0.49
300255, 2.39
300259, 1.82
300289, 1.18
300305, 3.34
300315, 2.07
300328, 1.28
