600011, 0.07
600015, 0.43
600020, 0.33
600021, 1.94
600023, 0.8
600026, 0.62
600027, 0.18
600028, 0.05
600031, 0.25
600033, 0.75
600039, 0.87
600050, 0.27
600057, 0.43
600077, 1.47
600089, 0.56
600103, 4.65
600126, 1.73
600131, 1.14
600143, 0.47
600159, 1.69
600165, 2.54
600221, 0.48
600227, 1.07
600236, 1.18
600249, 3.68
600256, 0.41
600261, 0.49
600269, 0.54
600284, 0.77
600308, 0.91
600333, 6.45
600346, 0.93
600377, 0.07
600416, 1.31
600422, 1.16
600426, 0.55
600439, 1.09
600508, 0.97
600546, 0.42
600583, 1.6
600603, 0.82
600611, 1.53
600635, 0.8
600642, 0.24
600657, 1.25
600684, 2.0
600723, 0.58
600724, 0.81
600725, 1.55
600742, 1.76
600791, 3.23
600795, 0.32
600810, 1.33
600820, 0.99
600825, 0.92
600844, 0.88
600851, 0.99
600863, 0.49
600886, 0.84
600963, 0.84
600978, 1.12
601000, 0.26
601006, 0.2
601009, 0.52
601169, 0.16
601188, 0.38
601288, 0.04
601328, 0.13
601333, 0.25
601588, 0.71
601666, 0.54
601669, 0.32
601727, 0.21
601801, 0.21
601818, 0.13
601872, 0.35
601933, 1.43
601939, 0.81
601991, 0.21
601992, 0.24
601998, 0.08
603167, 1.37
000001, 0.61
000017, 1.88
000021, 1.97
000027, 0.36
000030, 0.3
000031, 1.43
000069, 0.56
000088, 0.35
000089, 0.47
000157, 0.88
000159, 1.93
000401, 0.88
000488, 2.85
000507, 0.75
000514, 1.11
000516, 1.76
000528, 0.97
000539, 0.31
000540, 1.22
000597, 1.87
000598, 0.88
000600, 0.78
000608, 1.88
000627, 1.05
000667, 3.33
000685, 0.62
000703, 0.53
000709, 0.49
000778, 0.74
000789, 1.52
000825, 0.32
000830, 1.47
000856, 0.87
000877, 9.5
000883, 0.21
000898, 0.15
000899, 1.17
000900, 0.43
000926, 1.4
000965, 0.92
000966, 0.95
000978, 1.0
002020, 1.64
002046, 8.09
002084, 5.78
002128, 0.62
002132, 3.25
002187, 1.58
002221, 1.16
002277, 0.73
002302, 0.44
002305, 0.72
002325, 1.76
002332, 0.96
002392, 1.63
002503, 0.32
002628, 1.57
159919, 0
159927, 0
200011, 0.27
200012, 0.21
200016, 0.09
200030, 0.12
200054, 0.06
200056, 0.18
200541, 0.18
300135, 3.99
300175, 5.04
300320, 1.93
