600015, 0.59
600019, 0.73
600020, 0.98
600031, 1.61
600033, 0.78
600050, 1.01
600052, 2.84
600057, 1.2
600063, 1.73
600068, 2.94
600080, 2.42
600086, 5.76
600089, 1.52
600095, 2.42
600096, 2.02
600108, 3.53
600111, 3.34
600112, 18.59
600123, 5.54
600157, 1.3
600162, 1.51
600190, 1.03
600193, 7.82
600206, 5.16
600207, 1.11
600208, 0.88
600210, 1.71
600215, 3.51
600219, 7.41
600220, 2.1
600223, 1.23
600235, 2.25
600238, 2.71
600249, 6.5
600251, 3.2
600256, 1.15
600269, 1.0
600273, 3.34
600277, 1.54
600305, 0.62
600308, 1.43
600311, 3.7
600348, 3.69
600354, 9.57
600356, 1.36
600358, 3.38
600360, 3.62
600361, 0.99
600380, 2.36
600387, 1.46
600397, 2.66
600398, 0.46
600399, 15.72
600403, 0.51
600405, 1.56
600408, 5.7
600425, 1.74
600426, 0.89
600439, 2.03
600448, 5.17
600449, 2.51
600469, 1.73
600481, 1.12
600490, 8.21
600507, 1.35
600508, 1.96
600509, 2.9
600517, 1.71
600533, 2.28
600540, 6.44
600546, 1.02
600548, 0.27
600565, 2.49
600567, 1.01
600569, 2.05
600575, 0.82
600595, 7.17
600596, 3.61
600598, 1.68
600616, 2.51
600617, 1.59
600618, 2.35
600624, 2.67
600641, 0.65
600642, 0.42
600655, 1.54
600664, 0.17
600667, 1.74
600676, 1.31
600683, 0.67
600691, 4.74
600695, 1.55
600698, 4.82
600712, 1.36
600717, 1.11
600720, 2.86
600723, 0.81
600731, 4.54
600738, 1.82
600744, 1.55
600757, 1.67
600761, 1.31
600778, 2.29
600780, 0.93
600789, 4.8
600790, 2.14
600791, 1.74
600792, 2.18
600801, 2.76
600803, 0.31
600805, 2.01
600810, 1.72
600811, 1.65
600812, 0.64
600815, 2.56
600819, 0.7
600824, 1.35
600827, 0.56
600828, 3.23
600841, 0.92
600846, 3.46
600854, 1.58
600858, 0.73
600860, 3.08
600864, 2.52
600865, 1.98
600873, 2.5
600880, 8.3
600881, 2.55
600882, 1.32
600888, 8.67
600889, 4.87
600896, 1.04
600960, 3.88
600966, 2.01
600967, 3.05
600970, 3.79
600973, 1.94
600981, 3.75
600982, 3.41
601000, 2.02
601001, 3.24
601003, 1.44
601006, 0.61
601008, 6.36
601028, 0.97
601058, 2.73
601099, 4.73
601107, 0.89
601117, 1.14
601137, 2.15
601139, 0.16
601169, 0.21
601179, 1.39
601208, 1.48
601218, 2.72
601231, 0.27
601233, 3.5
601288, 0.04
601328, 0.29
601339, 0.81
601368, 3.75
601377, 4.08
601518, 1.7
601599, 2.58
601600, 4.35
601636, 2.4
601678, 1.97
601717, 2.12
601777, 1.39
601818, 0.32
601886, 1.67
601899, 3.65
601901, 6.0
601918, 1.76
601928, 0.5
601939, 0.64
601958, 3.21
601992, 0.49
601998, 0.16
603002, 1.82
603015, 5.0
603123, 2.35
603167, 2.74
603993, 2.49
000001, 0.56
000012, 2.15
000061, 0.86
000153, 4.66
000159, 2.36
000166, 2.15
000301, 1.83
000417, 1.48
000419, 1.72
000428, 0.8
000429, 1.59
000430, 2.12
000498, 9.3
000506, 4.12
000507, 2.54
000514, 1.35
000537, 4.1
000539, 0.66
000543, 1.78
000552, 6.28
000557, 1.75
000565, 4.52
000572, 1.31
000589, 5.81
000599, 14.91
000601, 1.16
000619, 4.27
000630, 11.14
000650, 2.57
000690, 1.0
000692, 2.58
000698, 7.73
000702, 2.67
000703, 7.46
000708, 2.21
000713, 2.84
000737, 3.08
000750, 5.54
000756, 4.6
000758, 11.59
000759, 0.39
000785, 5.64
000800, 1.24
000816, 3.7
000825, 2.21
000830, 2.9
000850, 3.7
000868, 1.71
000877, 3.1
000893, 3.16
000903, 1.58
000906, 2.62
000926, 1.4
000927, 3.02
000931, 4.53
000955, 3.99
000978, 1.4
000981, 0.42
002005, 2.59
002018, 0.91
002028, 2.28
002029, 1.7
002063, 3.04
002069, 0.62
002073, 1.14
002086, 1.78
002109, 1.63
002128, 2.59
002132, 3.59
002133, 4.42
002162, 1.92
002163, 2.4
002187, 1.05
002195, 2.41
002214, 1.52
002216, 3.6
002225, 2.3
002231, 2.03
002232, 1.25
002233, 5.0
002255, 3.62
002269, 0.87
002274, 3.37
002277, 1.36
002293, 0.63
002302, 0.9
002328, 7.46
002334, 3.0
002336, 0.86
002337, 3.46
002345, 1.1
002363, 2.91
002369, 2.75
002388, 2.71
002397, 1.84
002398, 2.0
002419, 0.52
002451, 2.73
002453, 3.45
002457, 3.88
002461, 0.79
002469, 4.83
002481, 1.16
002497, 2.13
002498, 0.56
002500, 4.05
002501, 6.03
002531, 1.02
002540, 4.92
002556, 3.62
002560, 5.19
002561, 0.96
002566, 6.4
002570, 1.05
002579, 2.85
002598, 3.43
002604, 6.74
002607, 2.11
002630, 4.35
002641, 0.88
002666, 2.05
002682, 2.26
002711, 5.88
159901, 0
159919, 0
159922, 0
200019, 1.12
200026, 0.43
300039, 2.04
300043, 2.19
300094, 1.73
300102, 4.2
300117, 2.31
300135, 8.38
300147, 2.13
300154, 2.12
300189, 3.59
300193, 3.67
300206, 2.61
300211, 3.49
300214, 3.67
300217, 1.99
300239, 1.75
300251, 0.76
300267, 0.63
300303, 4.51
300305, 2.26
300390, 6.64
