600004, 0.47
600008, 1.7
600028, 0.05
600039, 1.2
600051, 1.39
600076, 1.67
600077, 2.7
600082, 2.37
600108, 1.41
600112, 2.61
600116, 3.71
600121, 0.89
600125, 1.23
600127, 3.01
600128, 3.45
600156, 0.74
600159, 1.1
600160, 1.45
600168, 2.75
600186, 7.0
600202, 3.27
600210, 2.22
600217, 2.08
600218, 2.46
600223, 0.77
600227, 1.96
600238, 0.74
600243, 2.03
600250, 2.46
600257, 3.81
600261, 0.96
600268, 1.09
600285, 1.57
600289, 3.97
600290, 3.11
600300, 0.62
600313, 1.41
600331, 2.22
600354, 2.93
600355, 4.6
600356, 0.98
600361, 1.25
600370, 1.6
600381, 1.92
600395, 1.34
600415, 0.42
600416, 1.23
600426, 1.91
600433, 0.87
600448, 2.55
600460, 1.05
600462, 3.57
600463, 2.6
600470, 2.13
600481, 0.94
600483, 1.88
600493, 2.64
600496, 4.68
600505, 1.51
600507, 0.76
600508, 1.29
600510, 1.29
600512, 5.76
600527, 1.38
600550, 0.6
600558, 1.9
600561, 1.37
600565, 6.5
600573, 1.17
600579, 2.1
600581, 3.15
600644, 1.4
600664, 0.23
600665, 0.91
600678, 14.83
600704, 3.25
600711, 1.96
600714, 1.01
600719, 1.7
600722, 1.58
600727, 1.39
600731, 1.24
600736, 1.1
600757, 1.41
600766, 2.01
600778, 2.46
600780, 0.86
600791, 1.41
600792, 0.89
600810, 1.05
600811, 0.88
600815, 2.48
600820, 2.41
600825, 1.11
600828, 0.87
600830, 9.58
600844, 1.16
600857, 1.19
600861, 1.49
600874, 0.55
600888, 2.06
600889, 1.54
600960, 1.37
600965, 5.4
600966, 1.82
600973, 1.43
600979, 0.78
600982, 2.2
601002, 7.19
601018, 0.23
601100, 1.57
601107, 0.38
601169, 0.18
601177, 1.12
601188, 0.56
601218, 3.66
601231, 0.39
601333, 0.3
601368, 5.37
601390, 0.4
601518, 1.49
601666, 0.75
601668, 0.33
601678, 0.99
601700, 0.47
601777, 1.82
601801, 0.42
601886, 0.58
601901, 0.63
601928, 0.47
601996, 1.52
601999, 1.71
603002, 2.01
603015, 2.73
603111, 9.01
603126, 12.25
603167, 1.46
603227, 3.37
603300, 3.33
603333, 1.4
603969, 5.49
000036, 3.79
000060, 1.03
000078, 2.59
000158, 0.86
000159, 3.26
000422, 1.35
000425, 0.85
000430, 3.46
000518, 1.64
000528, 1.79
000551, 3.19
000554, 3.13
000570, 1.87
000572, 2.1
000589, 1.29
000597, 1.55
000598, 2.03
000628, 4.49
000632, 1.34
000635, 2.8
000636, 1.51
000655, 3.35
000663, 5.36
000673, 3.27
000679, 4.31
000680, 10.61
000682, 1.13
000683, 3.37
000692, 2.55
000705, 1.98
000707, 4.78
000719, 0.78
000731, 2.18
000737, 2.85
000751, 1.97
000782, 1.68
000789, 1.63
000809, 0.95
000822, 0.68
000828, 0.46
000850, 1.34
000856, 0.94
000859, 1.48
000868, 4.8
000880, 4.35
000908, 0.81
000912, 1.32
000939, 1.71
000949, 1.75
000960, 2.12
000962, 1.06
000965, 1.74
000976, 1.79
000980, 6.91
000993, 2.45
001896, 1.47
002011, 0.74
002021, 1.55
002026, 2.08
002028, 2.69
002042, 0.73
002045, 6.77
002050, 0.7
002079, 6.1
002083, 1.16
002084, 4.83
002097, 5.37
002098, 4.6
002100, 3.47
002109, 1.55
002116, 1.04
002122, 2.87
002132, 2.41
002150, 2.53
002165, 0.97
002220, 1.95
002225, 2.66
002226, 0.81
002231, 2.81
002233, 2.47
002249, 2.02
002272, 3.03
002274, 2.24
002300, 4.7
002331, 3.39
002336, 0.62
002337, 2.14
002342, 1.0
002344, 1.07
002361, 2.07
002369, 3.35
002375, 1.14
002382, 1.06
002392, 1.75
002398, 3.94
002408, 1.56
002420, 1.07
002429, 0.63
002433, 11.83
002437, 1.33
002443, 2.37
002452, 2.64
002453, 3.41
002455, 3.58
002497, 1.32
002501, 7.82
002503, 0.38
002509, 2.22
002520, 0.84
002521, 3.05
002523, 1.03
002538, 1.45
002540, 1.57
002542, 2.11
002550, 1.89
002556, 1.16
002560, 3.81
002585, 1.81
002638, 2.77
002641, 1.24
002671, 5.98
002687, 1.23
200019, 0.67
200020, 0.35
200022, 0.08
200026, 0.53
200030, 1.15
200058, 0.3
200413, 3.09
200429, 0.42
200488, 0.7
200512, 0.17
200521, 0.1
200570, 0.08
200613, 0.07
300006, 2.63
300012, 1.37
300022, 3.31
300082, 1.78
300086, 1.79
300107, 4.46
300108, 2.26
300117, 10.81
300126, 3.18
300129, 5.09
300135, 2.26
300147, 1.37
300151, 1.66
300155, 1.65
300164, 1.85
300165, 3.34
300169, 4.07
300175, 2.93
300189, 2.21
300192, 5.18
300214, 3.07
300217, 3.09
300225, 1.88
300240, 2.53
300255, 0.83
300259, 1.94
300263, 2.2
300283, 2.53
300301, 1.22
300305, 1.49
300316, 0.97
300370, 5.13
