600018, 0.14
600027, 0.5
600035, 5.4
600050, 0.11
600089, 0.78
600165, 2.23
600170, 2.03
600183, 1.08
600221, 0.4
600236, 1.63
600239, 1.13
600249, 7.2
600256, 0.31
600269, 0.59
600310, 1.27
600335, 1.07
600346, 0.54
600368, 2.11
600377, 0.11
600396, 2.07
600429, 1.48
600611, 5.09
600618, 0.96
600635, 4.41
600674, 0.4
600726, 3.11
600824, 1.92
600827, 0.81
600834, 4.54
600841, 1.0
600886, 1.16
600900, 0.16
600997, 0.51
601011, 3.77
601668, 0.29
601801, 0.69
601872, 0.51
601933, 0.53
601939, 0.42
601988, 0.03
000001, 0.31
000021, 2.25
000402, 0.88
000498, 2.16
000521, 2.11
000523, 6.87
000525, 2.21
000563, 7.03
000573, 1.14
000600, 0.61
000677, 1.73
000690, 0.7
000828, 0.62
000856, 0.51
000862, 1.01
000900, 0.88
000987, 2.9
002321, 1.88
002391, 1.07
002470, 0.41
002507, 1.35
002526, 3.96
002678, 0.59
200017, 0.6
200030, 0.99
200429, 0.24
200488, 0.23
300185, 7.66
