600023, 0.72
600027, 0.2
600051, 0.94
600059, 2.17
600141, 5.75
600166, 1.24
600178, 1.68
600208, 0.25
600218, 2.39
600220, 4.54
600222, 1.3
600236, 0.7
600237, 5.1
600251, 1.23
600255, 3.5
600267, 0.74
600299, 1.48
600311, 2.35
600336, 4.49
600353, 2.17
600354, 3.74
600359, 4.11
600377, 0.27
600393, 0.68
600405, 3.93
600449, 1.29
600461, 0.76
600488, 1.71
600517, 0.78
600609, 1.01
600622, 1.22
600634, 2.45
600638, 4.33
600727, 1.24
600746, 5.07
600805, 2.35
600844, 1.12
601002, 0.99
601003, 0.48
601011, 3.26
601126, 1.62
601208, 2.55
601218, 2.04
601398, 0.01
601588, 1.24
601899, 0.95
603169, 2.36
000008, 1.86
000030, 0.55
000543, 0.91
000545, 6.73
000572, 1.27
000601, 3.24
000671, 0.57
000682, 4.98
000726, 1.21
000788, 0.69
000850, 4.0
000862, 1.74
000886, 6.12
000922, 4.24
000930, 1.64
000965, 1.06
000966, 2.45
001696, 4.81
002017, 1.79
002028, 1.63
002033, 1.2
002084, 4.87
002087, 1.15
002204, 1.55
002218, 1.7
002243, 1.76
002250, 0.81
002334, 3.25
002376, 1.69
002404, 2.41
002406, 3.06
002478, 1.01
002501, 1.41
002513, 0.6
002553, 2.52
002585, 3.04
002607, 1.91
002650, 2.74
002651, 1.56
200055, 0.46
300022, 2.94
300094, 2.91
300175, 1.56
300181, 2.62
300259, 10.71
