600008, 0.68
600016, 0.5
600017, 0.7
600018, 0.06
600020, 0.77
600028, 0.09
600031, 0.27
600033, 0.45
600039, 0.5
600050, 0.71
600063, 1.54
600067, 0.52
600077, 1.16
600078, 2.69
600082, 2.07
600089, 0.5
600094, 1.12
600103, 3.08
600108, 0.96
600117, 1.62
600126, 1.95
600130, 11.32
600133, 1.69
600143, 0.71
600157, 0.81
600159, 1.03
600160, 2.01
600163, 1.2
600169, 1.43
600170, 0.25
600175, 3.05
600183, 0.69
600187, 0.45
600190, 0.58
600202, 1.77
600215, 1.26
600218, 1.93
600220, 1.52
600221, 0.93
600222, 1.05
600223, 0.46
600238, 1.78
600239, 0.83
600243, 1.44
600246, 0.43
600251, 1.79
600252, 0.91
600256, 0.73
600257, 7.51
600261, 0.56
600266, 1.61
600268, 0.81
600269, 0.56
600275, 1.61
600281, 0.61
600284, 1.46
600288, 1.93
600289, 2.75
600295, 1.22
600300, 0.77
600302, 0.83
600335, 1.09
600350, 0.25
600354, 1.91
600355, 6.23
600368, 1.11
600376, 0.41
600380, 1.55
600387, 1.26
600388, 1.24
600396, 1.01
600405, 4.36
600425, 1.23
600439, 1.2
600448, 2.0
600461, 2.76
600466, 0.64
600488, 0.66
600495, 1.79
600509, 0.6
600512, 1.4
600516, 2.58
600533, 1.23
600546, 0.66
600548, 0.37
600550, 0.48
600565, 2.22
600573, 5.45
600578, 0.12
600579, 2.51
600582, 0.51
600583, 0.93
600586, 1.23
600598, 0.82
600601, 0.95
600617, 1.82
600628, 0.61
600635, 0.69
600642, 0.21
600657, 0.37
600658, 0.52
600664, 0.24
600665, 0.35
600673, 2.02
600674, 0.51
600683, 0.26
600684, 2.13
600688, 0.93
600691, 1.57
600695, 1.09
600708, 0.7
600713, 1.34
600716, 2.6
600722, 1.34
600723, 0.34
600724, 0.43
600726, 0.96
600727, 1.21
600728, 2.5
600736, 0.71
600744, 5.92
600747, 1.45
600755, 2.04
600757, 1.01
600759, 1.4
600776, 2.37
600778, 3.18
600780, 0.7
600790, 0.96
600791, 1.31
600792, 1.35
600798, 1.14
600802, 1.08
600810, 1.44
600811, 1.41
600812, 0.62
600815, 0.83
600819, 0.48
600820, 0.79
600824, 0.76
600825, 0.59
600828, 2.94
600830, 1.92
600838, 2.03
600853, 1.02
600858, 0.6
600860, 2.7
600863, 0.25
600865, 2.28
600874, 0.58
600875, 0.76
600880, 4.35
600881, 0.7
600894, 2.34
600900, 0.17
600917, 2.98
600963, 3.58
600965, 0.9
600966, 2.5
600979, 0.55
600981, 4.04
600982, 1.14
600985, 2.13
600992, 1.49
601002, 1.58
601010, 0.56
601011, 2.71
601012, 1.44
601038, 0.88
601058, 1.14
601099, 1.86
601117, 0.2
601158, 0.11
601177, 0.84
601188, 0.34
601216, 0.3
601218, 1.36
601226, 2.05
601233, 0.77
601333, 0.31
601339, 0.44
601369, 0.27
601377, 1.11
601390, 0.28
601519, 0.62
601588, 1.01
601616, 4.82
601618, 0.29
601666, 0.78
601668, 0.33
601678, 0.78
601717, 0.76
601727, 0.13
601800, 0.14
601818, 0.26
601857, 0.01
601880, 0.72
601928, 0.35
601929, 0.62
601933, 0.63
601939, 1.64
601985, 1.1
601991, 0.09
601998, 0.22
603077, 0.43
603123, 0.9
603167, 1.65
603366, 1.09
603618, 5.32
900905, 0.22
000006, 0.76
000009, 4.65
000010, 2.36
000011, 4.19
000012, 1.3
000016, 1.75
000027, 0.29
000029, 1.17
000035, 1.33
000036, 0.93
000039, 1.04
000046, 0.28
000058, 2.04
000061, 0.4
000078, 1.91
000089, 0.58
000096, 1.07
000100, 0.58
000157, 0.51
000301, 0.88
000338, 0.64
000401, 2.11
000402, 0.64
000417, 0.73
000420, 1.03
000422, 0.83
000425, 0.75
000428, 0.95
000510, 1.6
000514, 0.8
000521, 4.3
000525, 1.14
000528, 1.16
000540, 0.98
000563, 1.23
000572, 1.08
000589, 0.88
000591, 1.14
000597, 1.05
000598, 0.92
000599, 2.7
000607, 2.88
000616, 1.16
000637, 3.48
000652, 1.03
000663, 1.52
000667, 3.6
000671, 0.41
000673, 1.39
000678, 1.3
000680, 1.71
000682, 1.23
000685, 0.58
000686, 2.57
000690, 1.22
000692, 1.18
000698, 2.52
000707, 1.67
000721, 1.41
000722, 1.36
000726, 0.55
000731, 1.84
000735, 1.48
000753, 1.42
000789, 1.27
000793, 2.81
000809, 1.03
000816, 1.47
000822, 0.6
000823, 3.26
000825, 1.02
000828, 0.52
000830, 0.71
000837, 1.45
000850, 1.23
000875, 3.32
000877, 1.38
000883, 0.19
000897, 0.88
000898, 0.3
000900, 0.69
000905, 0.75
000921, 0.89
000931, 1.22
000949, 1.23
000976, 1.52
000978, 1.01
000993, 1.56
002004, 0.82
002005, 1.19
002011, 1.08
002016, 0.77
002028, 1.35
002029, 0.83
002033, 2.3
002061, 2.11
002062, 1.28
002064, 0.66
002067, 6.85
002081, 0.77
002083, 1.04
002084, 1.58
002093, 2.72
002100, 3.5
002109, 1.69
002122, 0.52
002132, 3.22
002146, 0.4
002154, 1.68
002163, 1.41
002170, 1.42
002195, 2.53
002215, 2.91
002216, 1.2
002220, 1.49
002225, 1.5
002226, 6.58
002228, 1.39
002233, 0.95
002243, 1.6
002244, 1.07
002248, 2.94
002267, 0.49
002277, 1.25
002282, 1.28
002307, 1.33
002333, 3.29
002337, 0.98
002342, 1.45
002344, 0.6
002375, 1.75
002376, 1.45
002385, 0.86
002392, 1.44
002397, 1.01
002420, 1.04
002429, 1.08
002430, 4.91
002431, 18.48
002461, 0.86
002463, 1.97
002470, 0.8
002471, 1.5
002478, 0.83
002480, 1.7
002489, 2.46
002490, 3.67
002493, 0.33
002498, 0.49
002503, 0.38
002534, 0.68
002538, 1.09
002542, 2.72
002559, 1.59
002575, 3.1
002584, 1.94
002593, 2.43
002604, 7.44
002634, 4.41
002637, 3.12
002648, 0.67
002660, 2.85
002665, 2.85
002683, 1.11
002689, 0.74
159901, 0
159902, 0
159909, 0
159911, 0
159919, 0
159922, 0
159927, 0
200011, 0.14
200012, 0.18
200022, 0.08
200026, 0.19
200029, 0.33
200429, 0.55
200488, 0.98
200512, 0.13
200521, 0.61
200570, 0.23
200992, 1.16
300050, 1.71
300071, 2.33
300079, 2.68
300090, 1.54
300095, 2.61
300105, 0.97
300107, 2.47
300108, 1.09
300129, 1.33
300132, 4.44
300151, 2.1
300172, 0.93
300181, 2.32
300197, 1.56
300206, 3.34
300214, 1.72
300240, 2.3
300247, 14.03
