600005, 1.16
600011, 0.19
600018, 0.12
600020, 1.44
600023, 3.95
600028, 0.16
600033, 0.97
600035, 2.7
600039, 5.4
600067, 1.07
600075, 1.96
600080, 1.83
600089, 3.2
600108, 4.09
600121, 1.03
600133, 2.35
600143, 0.65
600157, 0.77
600159, 2.18
600162, 0.84
600170, 2.61
600175, 0.97
600192, 1.67
600193, 2.94
600208, 0.77
600220, 1.29
600221, 1.29
600232, 2.15
600256, 0.69
600269, 2.43
600281, 2.62
600282, 1.49
600284, 2.11
600285, 1.25
600300, 2.9
600320, 1.02
600327, 1.25
600328, 3.12
600350, 0.79
600351, 1.18
600354, 2.42
600356, 1.47
600359, 1.75
600361, 1.22
600369, 1.56
600380, 2.59
600396, 1.43
600408, 2.74
600425, 3.47
600429, 0.68
600438, 1.32
600466, 1.42
600469, 0.49
600481, 0.94
600507, 1.36
600515, 0.62
600527, 1.87
600546, 1.82
600569, 1.54
600578, 0.57
600581, 1.99
600582, 2.56
600583, 0.94
600595, 2.99
600606, 5.22
600611, 1.17
600616, 2.28
600635, 1.51
600642, 0.65
600644, 2.64
600665, 1.03
600667, 2.49
600674, 0.73
600683, 1.08
600686, 1.78
600688, 0.86
600691, 2.21
600703, 0.65
600711, 3.02
600720, 3.04
600723, 0.61
600724, 1.1
600731, 3.74
600737, 4.99
600757, 1.62
600778, 1.66
600782, 3.55
600784, 2.38
600791, 1.66
600795, 1.22
600801, 3.03
600808, 1.54
600811, 1.94
600814, 1.02
600827, 0.59
600830, 3.27
600858, 1.53
600863, 0.39
600865, 1.56
600871, 1.39
600875, 0.99
600882, 0.94
600889, 2.71
600894, 1.26
600959, 1.1
600961, 2.22
600982, 1.63
600987, 2.13
601006, 0.41
601007, 2.41
601010, 0.72
601058, 2.77
601111, 1.08
601113, 0.72
601117, 1.35
601126, 1.04
601137, 0.7
601179, 0.68
601226, 1.85
601288, 0.2
601313, 1.0
601328, 0.92
601339, 0.58
601368, 2.59
601398, 0.09
601518, 1.07
601579, 0.95
601588, 0.76
601666, 1.41
601798, 1.75
601818, 0.43
601857, 0.03
601886, 1.8
601933, 0.73
601939, 1.77
601985, 3.29
601988, 0.17
601989, 1.03
601996, 1.64
603011, 2.43
603227, 1.66
603993, 1.13
000001, 0.87
000005, 3.61
000008, 2.19
000027, 0.83
000069, 1.08
000157, 1.39
000166, 1.25
000401, 4.44
000407, 5.16
000417, 1.59
000419, 2.98
000425, 1.5
000429, 3.64
000430, 2.35
000539, 0.66
000572, 0.94
000598, 1.78
000601, 1.92
000612, 2.63
000613, 2.36
000616, 1.09
000627, 3.89
000637, 2.25
000671, 0.78
000673, 3.15
000690, 1.35
000692, 1.77
000708, 1.57
000709, 1.25
000717, 2.26
000735, 2.9
000761, 0.8
000778, 1.62
000788, 1.41
000790, 1.95
000800, 0.81
000816, 7.15
000825, 1.02
000850, 1.92
000876, 1.19
000877, 3.25
000883, 0.61
000898, 0.76
000903, 3.09
000926, 3.02
000927, 0.86
000978, 1.19
001896, 2.24
002011, 0.85
002028, 3.06
002029, 2.25
002047, 4.37
002064, 2.37
002083, 1.36
002084, 2.12
002097, 2.03
002116, 0.95
002166, 2.31
002187, 1.04
002203, 0.73
002204, 1.04
002232, 0.77
002244, 1.29
002274, 1.84
002293, 0.48
002300, 0.86
002327, 1.32
002336, 0.94
002345, 2.39
002397, 1.23
002419, 0.84
002433, 2.48
002489, 2.62
002521, 1.86
002531, 0.71
002549, 0.63
002556, 5.84
002561, 0.95
002563, 0.55
002570, 2.15
002638, 1.5
002666, 1.53
159901, 0
159919, 0
159922, 0
159927, 0
200012, 0.33
200022, 0.64
200539, 0.48
200613, 0.1
300084, 2.11
300107, 4.63
300117, 1.12
300132, 2.93
300135, 3.61
300146, 2.45
300189, 2.71
300214, 2.46
300217, 3.33
300239, 2.78
300283, 1.13
300315, 5.56
