600015, 1.34
600026, 0.51
600027, 0.25
600031, 0.24
600048, 0.34
600077, 1.1
600089, 0.8
600126, 1.43
600191, 1.77
600216, 2.35
600227, 1.28
600230, 0.69
600236, 0.55
600267, 1.03
600269, 0.63
600275, 4.43
600284, 0.9
600322, 1.12
600325, 1.47
600336, 4.09
600346, 0.6
600348, 1.19
600350, 0.27
600353, 2.37
600376, 0.56
600422, 1.4
600426, 0.89
600449, 1.79
600508, 1.59
600546, 0.81
600578, 0.49
600603, 0.89
600611, 2.25
600618, 0.99
600635, 1.34
600642, 0.33
600674, 0.34
600684, 1.7
600720, 1.96
600791, 1.38
600806, 1.19
600810, 2.08
600820, 1.44
600824, 1.18
600825, 1.17
600827, 0.68
600844, 1.57
600900, 0.27
600971, 4.2
600997, 1.14
601058, 3.42
601139, 0.21
601158, 0.17
601199, 1.72
601369, 2.32
601636, 9.42
601668, 0.31
601727, 0.15
601801, 0.43
601818, 0.3
601898, 0.18
601918, 0.88
601939, 1.51
601988, 0.09
000016, 2.57
000069, 0.25
000088, 0.32
000090, 2.13
000429, 1.51
000507, 1.25
000510, 17.16
000521, 2.1
000533, 0.73
000539, 0.23
000540, 0.89
000564, 2.03
000597, 0.88
000598, 1.21
000600, 0.72
000659, 2.51
000677, 1.42
000690, 1.1
000703, 0.73
000709, 0.83
000717, 1.63
000786, 1.25
000825, 0.52
000830, 1.24
000856, 0.34
000862, 2.06
000863, 0.74
000897, 1.38
000898, 0.3
000900, 0.67
000937, 1.13
000959, 3.26
000983, 1.98
002078, 1.66
002087, 1.54
002099, 1.23
002128, 1.34
002133, 3.27
002146, 0.37
002187, 1.19
002264, 1.22
002277, 1.2
002302, 0.81
002305, 0.64
002332, 1.2
002419, 0.76
002471, 9.56
002493, 0.25
002509, 3.66
002561, 1.18
002597, 2.74
002648, 1.17
002665, 0.64
200011, 1.53
200012, 0.21
200016, 0.18
200030, 0.45
200429, 0.22
200488, 0.23
200541, 0.43
300084, 4.54
