600018, 0.14
600031, 0.1
600050, 0.44
600068, 4.13
600089, 1.41
600143, 0.48
600159, 0.66
600170, 1.94
600175, 0.81
600183, 2.13
600227, 1.22
600236, 2.99
600239, 2.02
600249, 7.38
600256, 0.69
600261, 0.36
600269, 1.51
600295, 2.09
600308, 1.27
600336, 2.69
600337, 0.43
600346, 0.94
600368, 4.22
600377, 0.27
600396, 3.28
600415, 0.29
600422, 3.81
600429, 1.44
600586, 0.8
600589, 2.84
600601, 1.47
600603, 3.16
600611, 5.63
600674, 0.52
600684, 4.18
600695, 1.06
600707, 7.42
600722, 0.89
600723, 0.88
600736, 0.76
600760, 0.86
600801, 0.59
600820, 1.39
600824, 2.07
600825, 1.6
600827, 1.4
600830, 12.07
600834, 1.99
600841, 2.11
600886, 1.5
600900, 0.19
600978, 1.31
600997, 1.19
601000, 0.82
601007, 5.56
601011, 11.32
601158, 0.15
601208, 5.03
601216, 0.86
601668, 0.55
601818, 0.12
601872, 1.12
601918, 1.72
601933, 1.89
601988, 0.03
000001, 0.46
000016, 3.69
000017, 3.37
000089, 1.0
000100, 0.57
000153, 1.37
000402, 1.37
000404, 3.52
000417, 3.15
000430, 4.83
000488, 4.37
000516, 3.03
000521, 4.29
000525, 2.07
000533, 1.25
000541, 3.06
000598, 2.06
000599, 1.8
000600, 1.38
000677, 2.48
000828, 1.43
000856, 0.47
000862, 2.31
000898, 0.12
000899, 1.42
000900, 1.72
000912, 2.01
000926, 2.52
000928, 1.47
000937, 1.4
002062, 1.52
002079, 3.27
002084, 7.68
002122, 0.44
002163, 1.35
002195, 2.52
002288, 1.38
002302, 0.31
002305, 1.26
002317, 2.28
002321, 3.64
002397, 0.98
002498, 0.62
002507, 2.58
002526, 6.95
002552, 3.19
002561, 0.88
002614, 5.94
002678, 0.68
002683, 2.05
002701, 1.33
159909, 0
159911, 0
200012, 0.3
200017, 1.72
200030, 0.26
200429, 0.35
200468, 0.18
200541, 0.37
200726, 0.28
300071, 2.36
300095, 2.47
300108, 1.62
300137, 1.83
300152, 2.83
