600005, 0.81
600019, 0.29
600026, 1.75
600031, 0.3
600080, 1.78
600095, 1.28
600099, 1.94
600108, 1.3
600133, 2.41
600156, 1.15
600157, 1.17
600183, 1.75
600203, 1.53
600220, 0.82
600229, 1.76
600237, 7.55
600239, 0.74
600273, 2.92
600280, 1.05
600300, 0.75
600305, 2.4
600308, 0.73
600311, 1.69
600356, 1.16
600396, 1.49
600448, 3.64
600462, 1.35
600505, 2.81
600508, 1.27
600516, 3.22
600533, 1.95
600546, 0.75
600548, 0.11
600550, 0.54
600555, 1.47
600558, 1.24
600567, 1.94
600572, 1.27
600575, 0.92
600581, 0.91
600603, 0.53
600644, 4.37
600683, 0.4
600713, 0.66
600716, 1.8
600719, 2.17
600727, 4.46
600731, 2.74
600778, 1.99
600802, 1.52
600815, 0.91
600820, 0.99
600825, 0.89
600853, 4.84
600858, 0.53
600866, 1.12
600868, 5.55
600871, 1.63
600963, 1.86
600967, 1.28
600971, 3.84
600982, 1.13
601001, 2.34
601006, 0.24
601118, 0.55
601169, 0.11
601216, 1.25
601339, 0.47
601369, 1.78
601515, 0.22
601666, 1.79
601717, 1.73
601898, 0.31
601918, 1.16
601996, 1.35
603123, 5.72
603128, 1.12
603167, 1.26
603169, 4.45
603300, 2.32
000088, 0.17
000153, 2.3
000338, 0.61
000421, 3.37
000429, 1.31
000507, 1.36
000509, 3.21
000517, 0.28
000521, 2.71
000529, 0.56
000554, 8.09
000557, 2.09
000561, 5.7
000589, 1.12
000598, 1.03
000685, 0.67
000692, 1.75
000702, 1.0
000713, 1.38
000729, 0.58
000739, 1.11
000759, 0.92
000767, 2.2
000830, 0.87
000899, 0.64
000900, 0.77
000919, 0.43
000921, 1.04
000927, 12.72
000959, 3.27
001696, 1.66
002004, 1.48
002015, 1.3
002021, 1.55
002042, 1.04
002047, 4.06
002064, 0.64
002083, 1.11
002097, 1.53
002100, 1.2
002135, 1.18
002145, 2.53
002146, 0.32
002163, 1.6
002178, 1.04
002181, 1.33
002216, 0.83
002220, 1.64
002303, 0.45
002307, 3.55
002317, 2.16
002336, 0.66
002342, 1.13
002363, 1.59
002379, 1.85
002381, 3.77
002392, 1.72
002398, 1.33
002413, 2.06
002420, 1.76
002455, 2.79
002457, 4.7
002483, 1.16
002487, 1.0
002521, 2.77
002523, 1.27
002524, 3.06
002534, 0.49
002565, 1.48
002583, 0.99
002586, 1.42
002648, 2.57
002697, 1.39
002711, 3.81
200026, 0.73
200429, 0.16
200488, 0.26
200570, 0.63
300006, 2.5
300064, 5.24
300067, 1.88
300092, 2.82
300102, 6.09
300117, 1.16
300169, 2.47
300192, 2.06
300217, 3.52
300240, 1.59
300261, 0.53
300267, 0.48
300303, 7.93
300345, 1.38
