600029, 1.55
600226, 1.43
600266, 1.72
600320, 2.35
600359, 11.37
600365, 1.5
600377, 0.17
600429, 0.92
600458, 1.38
600477, 2.95
600488, 0.54
600575, 0.9
600719, 8.77
600720, 7.27
600744, 22.29
600815, 4.09
600900, 0.14
600971, 3.59
600987, 1.39
601006, 0.56
601018, 0.96
601107, 2.23
601111, 0.33
601139, 0.12
601179, 1.14
601225, 0.31
601288, 0.14
601369, 0.61
601398, 0.05
601608, 1.59
601668, 0.72
601872, 1.83
601880, 3.99
601886, 0.86
601933, 0.29
603167, 3.04
000035, 0.86
000043, 1.7
000089, 0.6
000401, 1.29
000425, 1.4
000429, 1.39
000506, 1.12
000541, 1.88
000725, 1.0
000950, 0.63
000978, 2.46
002003, 0.77
002059, 1.39
002106, 1.68
002156, 1.4
002232, 2.47
002303, 0.8
002330, 1.9
002375, 0.85
002388, 10.24
002390, 1.34
002406, 10.06
002433, 1.11
002482, 0.7
002489, 1.99
002496, 2.23
002536, 2.67
002562, 1.87
002583, 1.39
002678, 1.07
002683, 3.62
002708, 4.64
159901, 0
159902, 0
159922, 0
200022, 0.85
200055, 0.23
200541, 0.82
200553, 0.13
300084, 2.45
300091, 1.46
300117, 1.19
300165, 4.55
300198, 1.95
