600028, 0.07
600051, 2.13
600076, 2.26
600077, 1.84
600080, 3.75
600093, 2.22
600095, 3.26
600098, 2.1
600112, 3.28
600121, 1.0
600127, 3.97
600159, 1.27
600210, 1.83
600218, 3.13
600237, 15.28
600243, 1.31
600257, 2.49
600261, 3.13
600268, 1.36
600269, 0.59
600273, 3.01
600279, 2.6
600280, 0.72
600283, 3.49
600290, 1.53
600292, 6.69
600300, 1.12
600313, 1.82
600319, 0.85
600331, 3.07
600354, 3.61
600355, 8.02
600361, 1.72
600381, 2.8
600388, 8.75
600390, 1.08
600415, 0.59
600426, 0.47
600448, 6.5
600460, 3.09
600462, 1.85
600463, 1.62
600483, 1.48
600493, 2.33
600505, 1.2
600507, 0.59
600508, 1.05
600510, 0.91
600550, 0.48
600555, 5.73
600558, 5.19
600561, 2.14
600567, 1.63
600572, 0.81
600573, 1.31
600579, 1.12
600603, 1.41
600609, 1.74
600644, 1.85
600664, 0.2
600665, 0.74
600704, 3.7
600714, 1.41
600719, 2.26
600727, 1.86
600736, 2.11
600744, 5.03
600780, 0.44
600789, 5.52
600790, 2.1
600792, 1.44
600798, 1.71
600802, 3.61
600806, 1.56
600810, 1.28
600811, 1.55
600823, 0.42
600828, 0.94
600888, 2.48
600889, 1.37
600960, 1.21
600965, 1.53
600966, 2.96
600979, 0.94
600982, 1.66
600984, 0.93
600992, 1.85
601002, 1.14
601007, 2.19
601018, 0.27
601126, 1.23
601169, 0.24
601177, 1.41
601188, 0.8
601199, 2.56
601218, 2.48
601333, 0.3
601368, 3.73
601398, 0.08
601666, 0.85
601668, 0.38
601678, 1.47
601700, 0.51
601857, 0.01
601886, 0.93
601901, 1.38
601928, 0.8
601939, 0.78
601988, 0.05
603002, 4.16
603015, 3.09
603077, 2.66
603126, 6.54
603333, 0.7
603369, 1.03
603969, 2.87
000026, 7.7
000027, 0.34
000058, 6.64
000068, 3.33
000099, 1.53
000158, 1.74
000301, 1.21
000430, 2.72
000518, 0.74
000551, 4.45
000554, 3.57
000570, 2.72
000572, 1.32
000589, 2.23
000598, 3.37
000601, 1.56
000606, 3.45
000607, 2.75
000609, 2.27
000632, 1.34
000635, 1.2
000655, 4.13
000671, 0.4
000680, 2.82
000682, 2.22
000683, 6.5
000691, 1.35
000692, 3.25
000702, 2.36
000703, 0.79
000705, 3.08
000731, 2.35
000737, 2.37
000789, 1.45
000809, 0.89
000856, 1.1
000859, 3.22
000880, 2.61
000912, 1.03
000939, 2.21
000949, 2.97
000951, 0.72
000955, 3.14
000976, 1.92
000978, 1.39
000993, 2.07
001896, 1.47
002005, 5.91
002026, 2.52
002028, 2.66
002042, 1.91
002069, 0.52
002078, 3.13
002083, 1.5
002098, 13.91
002100, 0.84
002105, 1.46
002109, 1.31
002116, 0.94
002122, 0.54
002150, 1.32
002165, 1.6
002166, 3.48
002220, 4.62
002221, 2.27
002231, 2.93
002249, 3.33
002272, 2.76
002286, 4.33
002300, 0.75
002307, 3.01
002312, 3.87
002331, 5.18
002336, 0.5
002337, 1.77
002342, 2.36
002344, 1.07
002348, 2.11
002361, 3.58
002398, 2.59
002404, 5.18
002408, 1.29
002420, 1.31
002429, 1.12
002431, 11.37
002433, 2.49
002453, 3.47
002457, 3.24
002482, 0.81
002483, 3.07
002497, 1.62
002503, 0.46
002520, 0.71
002521, 3.16
002540, 1.9
002542, 1.34
002545, 2.25
002560, 10.25
002562, 3.13
002585, 1.71
002586, 3.41
002634, 7.17
002651, 7.09
002687, 2.26
159927, 0
200011, 0.37
200022, 0.18
200026, 1.56
200030, 0.96
200058, 0.4
200488, 0.96
200521, 0.08
200570, 0.1
200706, 0.07
200992, 0.26
300012, 2.28
300022, 4.11
300029, 4.61
300066, 6.57
300082, 1.58
300086, 1.68
300102, 17.17
300105, 6.6
300107, 4.71
300108, 1.76
300126, 5.55
300129, 2.67
300151, 1.72
300155, 2.94
300164, 1.96
300165, 7.78
300169, 3.71
300192, 4.52
300214, 4.68
300217, 6.24
300240, 2.04
300255, 1.02
300263, 3.44
300283, 3.49
300287, 1.94
300305, 2.49
