600011, 0.08
600020, 0.87
600021, 1.15
600023, 0.81
600026, 1.05
600027, 0.41
600028, 0.05
600031, 0.36
600033, 0.57
600039, 1.29
600050, 0.29
600057, 0.54
600069, 1.71
600077, 2.25
600082, 7.44
600089, 0.84
600126, 2.61
600143, 0.4
600159, 2.66
600165, 2.27
600219, 3.85
600221, 0.28
600227, 1.1
600249, 1.6
600256, 0.37
600261, 0.38
600269, 0.47
600279, 1.87
600284, 1.02
600308, 0.48
600333, 4.75
600346, 1.46
600348, 0.91
600377, 0.06
600416, 1.48
600422, 1.26
600426, 0.81
600439, 0.76
600508, 0.9
600537, 2.27
600546, 0.49
600583, 0.75
600603, 1.3
600611, 2.59
600635, 1.21
600642, 0.34
600657, 1.21
600674, 0.31
600684, 2.51
600717, 0.59
600723, 0.67
600724, 1.04
600725, 1.23
600726, 0.67
600736, 2.0
600742, 1.58
600751, 1.38
600761, 1.19
600791, 4.16
600795, 0.33
600810, 2.04
600825, 0.68
600851, 0.54
600863, 0.52
600886, 0.71
600963, 1.41
600971, 1.53
600978, 1.1
601000, 0.3
601006, 0.22
601009, 0.66
601169, 0.17
601188, 0.75
601288, 0.05
601328, 0.11
601333, 0.35
601616, 0.66
601718, 0.84
601727, 0.22
601801, 0.24
601818, 0.11
601872, 0.61
601918, 0.91
601933, 0.57
601939, 0.73
601988, 0.09
601991, 0.24
601992, 0.36
601998, 0.05
603167, 1.11
603366, 0.82
000001, 0.67
000016, 1.95
000021, 3.55
000027, 0.28
000030, 0.29
000031, 2.02
000069, 0.9
000088, 0.37
000089, 0.71
000157, 1.56
000159, 3.53
000401, 1.18
000488, 1.48
000507, 1.5
000514, 1.47
000516, 2.75
000521, 2.07
000539, 0.45
000541, 1.46
000584, 2.58
000597, 1.04
000598, 1.6
000600, 0.65
000667, 3.0
000685, 0.94
000703, 0.8
000709, 0.49
000789, 1.49
000791, 3.28
000825, 0.38
000828, 0.47
000830, 0.8
000856, 0.46
000877, 2.17
000883, 0.23
000898, 0.17
000899, 1.08
000900, 0.6
000912, 1.08
000926, 2.73
000928, 4.49
000936, 5.06
000937, 1.07
000965, 0.88
000966, 1.11
000978, 1.48
000981, 2.15
002020, 1.34
002043, 4.33
002046, 0.1
002084, 3.47
002087, 3.16
002128, 0.8
002132, 2.6
002187, 2.21
002277, 0.95
002305, 0.75
002325, 2.36
002332, 1.36
002483, 1.54
002498, 0.46
002503, 0.61
159919, 0
159927, 0
200011, 0.58
200012, 0.37
200016, 0.15
200017, 0.16
200030, 0.3
200054, 0.15
200056, 0.26
200429, 1.17
200521, 0.17
200541, 0.34
200706, 0.04
300135, 2.19
300175, 4.22
300320, 2.9
