600028, 0.05
600051, 1.64
600059, 0.92
600069, 2.53
600080, 1.66
600086, 1.5
600093, 1.67
600095, 5.44
600098, 1.07
600099, 2.16
600106, 1.36
600108, 1.28
600121, 1.47
600126, 1.29
600152, 15.0
600159, 1.17
600168, 1.28
600186, 1.22
600190, 1.22
600202, 1.03
600210, 1.07
600218, 1.94
600222, 2.63
600226, 1.03
600232, 2.15
600237, 3.67
600238, 0.79
600243, 1.02
600247, 2.4
600248, 4.47
600257, 1.72
600268, 3.41
600269, 0.52
600273, 3.22
600275, 2.86
600280, 1.12
600283, 2.42
600290, 2.13
600292, 2.17
600300, 0.4
600301, 1.74
600302, 2.02
600350, 0.2
600355, 2.71
600361, 0.54
600369, 0.71
600375, 4.0
600388, 1.06
600390, 1.49
600403, 0.12
600415, 0.73
600416, 1.09
600426, 0.51
600439, 3.27
600448, 2.02
600460, 0.83
600462, 0.79
600481, 0.68
600483, 1.05
600496, 0.5
600507, 0.54
600508, 1.43
600510, 1.73
600526, 2.81
600550, 0.38
600558, 0.79
600565, 1.85
600567, 4.87
600572, 0.79
600573, 0.74
600579, 1.23
600603, 0.94
600608, 1.07
600609, 1.34
600613, 0.38
600624, 1.79
600644, 1.87
600664, 0.21
600665, 1.29
600667, 1.76
600698, 2.47
600704, 7.02
600719, 1.29
600722, 0.67
600727, 1.12
600743, 0.36
600744, 7.64
600757, 0.99
600789, 8.73
600790, 2.24
600798, 1.86
600802, 1.06
600806, 1.87
600810, 1.27
600811, 3.0
600841, 0.46
600844, 0.84
600857, 1.49
600864, 1.01
600874, 1.29
600888, 2.84
600963, 1.54
600966, 2.57
600978, 3.84
600982, 1.43
600984, 1.92
600992, 1.58
601000, 0.29
601002, 1.3
601018, 0.5
601038, 4.07
601099, 7.28
601100, 0.75
601116, 0.55
601126, 1.02
601169, 0.32
601188, 0.68
601199, 1.4
601218, 1.41
601333, 0.39
601368, 1.24
601398, 0.03
601518, 0.51
601668, 0.38
601669, 0.3
601678, 1.04
601700, 0.31
601857, 0.01
601886, 0.37
601901, 1.0
601988, 0.05
601996, 1.92
603126, 2.11
603167, 1.4
603333, 1.01
603369, 0.8
603606, 2.07
603889, 7.46
603969, 2.58
000001, 0.25
000005, 1.02
000026, 0.85
000027, 0.2
000036, 1.11
000068, 1.26
000301, 0.75
000416, 1.58
000421, 2.08
000546, 1.37
000551, 1.57
000554, 3.12
000560, 3.71
000571, 3.84
000572, 0.54
000589, 1.15
000597, 1.23
000598, 0.95
000607, 1.49
000608, 1.15
000609, 2.61
000628, 3.08
000635, 1.29
000637, 12.12
000655, 9.67
000663, 1.2
000671, 0.94
000680, 1.13
000682, 1.16
000686, 1.39
000691, 1.43
000692, 4.77
000702, 1.46
000703, 0.77
000707, 9.33
000709, 0.56
000726, 0.72
000727, 2.8
000731, 2.43
000737, 3.41
000789, 1.02
000798, 3.5
000811, 2.32
000822, 0.67
000823, 3.1
000836, 4.0
000850, 0.66
000856, 1.59
000859, 2.49
000880, 3.29
000886, 0.68
000900, 1.0
000912, 0.71
000919, 0.49
000931, 3.8
000978, 1.15
000993, 3.48
001896, 1.25
002004, 1.13
002011, 0.54
002020, 2.36
002042, 0.65
002069, 0.49
002073, 0.99
002083, 0.86
002100, 0.92
002105, 1.37
002109, 1.03
002122, 0.6
002140, 0.47
002150, 0.97
002158, 0.81
002168, 1.49
002177, 2.28
002214, 1.24
002221, 0.46
002225, 0.8
002233, 1.2
002272, 2.13
002286, 7.95
002300, 0.61
002307, 2.44
002333, 0.51
002336, 0.29
002337, 1.91
002344, 1.62
002345, 0.89
002361, 1.49
002376, 3.38
002382, 0.79
002404, 5.76
002408, 0.81
002419, 0.45
002420, 0.79
002429, 1.55
002433, 1.68
002437, 0.37
002449, 1.96
002461, 3.7
002493, 0.31
002501, 1.38
002503, 0.28
002521, 4.83
002523, 1.6
002532, 0.78
002534, 1.5
002540, 0.68
002542, 1.4
002545, 1.73
002564, 2.46
002578, 1.07
002585, 1.16
002586, 1.19
002587, 5.89
002644, 1.41
002651, 1.25
002677, 6.91
002687, 1.51
002700, 0.95
002740, 1.94
159902, 0
159922, 0
159927, 0
200011, 0.15
200022, 0.07
200030, 0.8
200488, 0.14
200570, 0.07
200706, 0.08
200992, 0.27
300006, 1.32
300012, 0.98
300022, 3.72
300029, 1.25
300030, 2.53
300074, 2.5
300082, 1.84
300086, 1.25
300102, 1.75
300105, 6.66
300107, 2.11
300108, 0.93
300117, 0.87
300126, 4.16
300129, 1.87
300135, 2.77
300139, 2.23
300155, 5.56
300164, 2.1
300167, 1.74
300172, 3.03
300189, 1.44
300192, 3.04
300214, 2.13
300217, 1.9
300255, 0.49
300259, 3.5
300263, 1.61
300283, 1.63
300301, 1.1
300305, 2.16
