600008, 0.88
600029, 2.19
600031, 0.46
600048, 0.53
600051, 0.94
600052, 0.78
600074, 2.38
600077, 0.73
600082, 2.33
600086, 1.39
600093, 1.8
600094, 0.29
600100, 1.38
600115, 1.52
600159, 1.43
600180, 0.34
600185, 0.44
600189, 3.35
600193, 5.47
600210, 0.97
600223, 0.52
600227, 0.63
600266, 3.03
600280, 0.52
600289, 0.75
600290, 2.18
600297, 1.03
600301, 1.5
600323, 4.76
600325, 1.26
600365, 3.38
600367, 2.5
600376, 1.08
600377, 0.05
600438, 0.9
600460, 2.0
600477, 4.53
600499, 0.75
600510, 0.53
600561, 1.04
600579, 0.8
600589, 2.87
600635, 0.52
600658, 0.38
600693, 0.36
600695, 0.8
600705, 0.56
600707, 2.94
600716, 1.28
600728, 1.55
600751, 0.38
600797, 2.86
600806, 2.36
600864, 0.79
600869, 0.6
600880, 1.26
600882, 0.48
600888, 2.21
600983, 2.28
601111, 1.0
601139, 0.08
601177, 1.33
601208, 1.24
601222, 0.5
601225, 0.36
601231, 0.25
601313, 0.48
601398, 0.02
601579, 0.82
601633, 0.26
601818, 0.34
601886, 0.22
601933, 0.56
603002, 1.47
603012, 0.72
603015, 8.51
603077, 3.52
603366, 2.82
000030, 0.57
000068, 0.54
000069, 0.49
000089, 0.43
000090, 0.42
000099, 0.95
000402, 0.47
000404, 2.87
000409, 1.46
000417, 1.47
000520, 1.11
000521, 4.8
000540, 2.88
000565, 1.02
000597, 9.67
000601, 1.77
000620, 0.18
000632, 1.37
000717, 0.58
000726, 0.95
000731, 6.39
000739, 2.01
000786, 1.27
000800, 0.76
000816, 1.1
000818, 1.38
000851, 1.87
000863, 0.39
000888, 1.18
000890, 1.51
000893, 2.88
000899, 1.88
000908, 0.95
000918, 1.06
000926, 1.58
000962, 1.86
000976, 1.34
000978, 0.85
002003, 0.39
002004, 0.41
002020, 0.74
002026, 1.38
002031, 14.99
002042, 2.5
002059, 0.83
002064, 1.11
002076, 3.76
002081, 0.62
002091, 0.77
002106, 1.42
002118, 1.27
002127, 0.51
002135, 0.87
002139, 2.82
002146, 0.56
002156, 0.48
002158, 1.33
002161, 1.01
002177, 0.71
002191, 0.99
002194, 0.8
002214, 4.12
002218, 1.3
002226, 2.64
002232, 1.15
002245, 1.98
002249, 0.52
002261, 0.57
002327, 1.48
002332, 0.89
002334, 1.96
002336, 0.59
002345, 1.09
002348, 1.45
002375, 0.81
002376, 0.67
002403, 1.76
002416, 0.56
002421, 2.8
002429, 0.56
002461, 0.67
002472, 2.1
002496, 1.36
002501, 4.51
002510, 5.05
002521, 1.28
002527, 1.32
002531, 0.74
002532, 0.5
002536, 0.59
002538, 3.02
002565, 2.25
002566, 1.16
002570, 0.54
002587, 4.2
002593, 1.07
002639, 3.19
002641, 0.37
002644, 0.6
002666, 0.78
002688, 0.36
002689, 0.9
002770, 2.05
159901, 0
159902, 0
159909, 0
159911, 0
200018, 0.03
200022, 0.05
200521, 0.45
200530, 0.57
300002, 0.87
300030, 1.52
300039, 0.92
300050, 2.39
300053, 1.42
300074, 1.23
300086, 4.38
300087, 1.04
300098, 1.74
300105, 0.9
300108, 1.06
300126, 2.44
300131, 2.19
300139, 1.25
300155, 0.59
300165, 4.8
300170, 1.61
300198, 1.02
300241, 1.29
300256, 2.14
300259, 0.8
300263, 1.12
300267, 0.32
300270, 0.98
300272, 0.67
300289, 0.97
300297, 1.15
300326, 0.64
300328, 0.91
300370, 1.0
