600006, 0.92
600008, 2.03
600011, 0.52
600012, 0.51
600027, 1.3
600050, 0.83
600051, 1.35
600070, 0.77
600078, 2.12
600096, 1.25
600101, 4.6
600105, 0.72
600111, 0.56
600116, 3.35
600121, 2.1
600123, 3.28
600133, 1.13
600141, 2.42
600160, 1.91
600180, 0.36
600203, 3.95
600210, 1.86
600216, 1.07
600218, 1.94
600223, 0.51
600229, 0.75
600255, 2.76
600261, 0.61
600267, 0.66
600273, 1.81
600295, 1.14
600301, 1.59
600320, 0.59
600328, 1.86
600337, 2.53
600348, 1.32
600356, 1.7
600365, 0.78
600377, 0.04
600380, 0.66
600386, 3.09
600388, 2.04
600396, 0.55
600403, 0.25
600405, 2.6
600422, 0.77
600432, 0.87
600458, 1.22
600460, 2.11
600461, 1.59
600468, 0.44
600470, 3.16
600515, 0.74
600516, 2.87
600517, 0.62
600546, 1.58
600561, 2.29
600567, 1.24
600583, 0.6
600596, 3.21
600613, 1.24
600623, 1.17
600635, 0.53
600643, 0.98
600675, 1.96
600683, 0.52
600707, 1.92
600708, 0.64
600719, 2.6
600722, 5.89
600730, 1.02
600731, 1.85
600761, 1.68
600770, 1.8
600780, 0.97
600787, 1.14
600794, 1.43
600803, 1.62
600806, 2.51
600810, 2.48
600846, 1.26
600862, 1.03
600894, 0.84
600965, 0.71
600981, 3.31
600983, 1.26
601012, 1.38
601111, 0.34
601158, 0.26
601188, 0.38
601208, 0.99
601218, 0.97
601225, 0.48
601231, 0.35
601339, 0.44
601567, 0.23
601599, 1.56
601717, 3.56
601808, 0.13
601999, 0.8
603023, 1.29
603077, 1.55
603128, 0.62
900905, 0.1
000009, 1.39
000035, 1.45
000036, 0.96
000043, 1.27
000068, 0.54
000069, 0.35
000090, 0.52
000158, 1.45
000419, 6.44
000421, 1.3
000426, 1.23
000430, 1.61
000510, 4.05
000530, 0.88
000539, 0.39
000540, 0.62
000551, 1.73
000554, 3.51
000573, 2.11
000628, 1.37
000633, 1.33
000650, 0.98
000652, 1.02
000659, 0.88
000665, 0.59
000680, 5.0
000690, 0.61
000705, 1.09
000713, 1.39
000717, 1.08
000719, 1.26
000726, 1.22
000785, 1.26
000790, 0.85
000800, 0.99
000851, 3.3
000859, 4.26
000888, 1.08
000897, 1.08
000927, 1.12
000939, 1.51
000950, 1.54
000962, 1.98
000969, 1.34
000983, 1.34
002004, 0.67
002009, 2.65
002023, 1.63
002029, 0.61
002033, 1.27
002054, 2.84
002056, 2.12
002063, 2.08
002064, 3.0
002069, 1.29
002071, 3.63
002076, 3.28
002079, 2.16
002081, 0.67
002083, 0.81
002084, 1.09
002087, 1.23
002091, 1.34
002093, 0.47
002100, 0.91
002102, 1.33
002116, 0.55
002118, 0.67
002121, 1.1
002123, 1.1
002124, 1.79
002125, 3.27
002127, 0.71
002131, 3.49
002133, 1.77
002135, 1.14
002137, 2.53
002139, 4.06
002156, 1.03
002158, 0.78
002161, 1.27
002164, 7.64
002165, 2.09
002167, 3.14
002170, 0.78
002176, 3.81
002181, 0.61
002183, 0.62
002185, 2.6
002218, 0.72
002220, 1.34
002225, 2.82
002226, 7.4
002232, 0.96
002238, 0.39
002243, 0.91
002245, 3.22
002249, 0.86
002261, 2.0
002270, 1.41
002274, 2.15
002298, 1.49
002303, 0.58
002305, 0.65
002317, 0.87
002327, 1.33
002328, 1.96
002329, 3.32
002337, 1.54
002345, 1.07
002369, 1.7
002375, 0.78
002376, 2.02
002390, 0.54
002403, 0.76
002408, 1.02
002433, 1.77
002442, 0.67
002448, 3.34
002454, 1.28
002457, 1.81
002465, 3.46
002471, 0.61
002474, 3.29
002478, 1.8
002483, 4.0
002497, 1.25
002501, 5.82
002502, 1.28
002504, 2.58
002505, 0.96
002516, 1.37
002527, 3.48
002531, 0.6
002532, 1.32
002536, 1.13
002540, 0.66
002559, 2.49
002565, 1.25
002566, 2.0
002570, 1.42
002593, 1.66
002607, 2.58
002637, 2.43
002654, 1.73
002663, 0.56
002666, 0.98
002678, 0.36
159902, 0
159909, 0
159911, 0
159922, 0
200018, 0.08
200020, 0.06
200022, 0.06
200025, 0.16
200030, 0.44
200037, 0.09
200429, 0.13
200468, 0.09
200521, 0.16
200539, 0.17
200541, 0.17
200706, 0.43
200771, 0.24
200992, 0.37
300018, 2.26
300019, 4.7
300026, 0.91
300027, 1.81
300029, 1.32
300041, 1.95
300043, 0.96
300048, 1.84
300050, 1.54
300053, 2.48
300066, 0.97
300067, 1.48
300071, 1.63
300079, 1.31
300084, 2.29
300087, 1.26
300092, 2.66
300095, 1.23
300102, 3.8
300108, 1.32
300112, 2.46
300126, 4.56
300147, 0.91
300152, 2.62
300154, 1.66
300155, 1.93
300162, 2.26
300170, 4.32
300172, 2.82
300207, 5.48
300211, 1.78
300214, 2.33
300249, 1.25
300255, 0.7
300256, 6.7
300259, 1.42
300267, 0.39
300270, 1.66
300272, 1.03
300274, 1.78
300287, 1.9
300289, 0.8
300290, 2.69
300305, 1.89
300307, 1.52
300318, 1.92
300326, 1.11
300370, 2.67
300390, 12.45
