600028, 0.24
600035, 0.68
600095, 2.27
600122, 1.54
600256, 1.42
600400, 1.45
600438, 1.25
600581, 2.17
600583, 1.37
600686, 1.65
600688, 1.63
600720, 2.36
600787, 3.1
600794, 1.49
600827, 1.19
600856, 1.72
600959, 1.16
601113, 1.28
601333, 1.8
601857, 0.1
601890, 2.09
601933, 0.87
000018, 7.11
000656, 1.93
000759, 4.63
000809, 1.59
000875, 5.53
000882, 5.33
000949, 1.43
001896, 3.51
002050, 0.72
002064, 1.26
002166, 6.34
002264, 5.38
002269, 0.93
002470, 1.25
002510, 4.95
002564, 10.01
200055, 0.14
200488, 0.26
200539, 0.12
