600004, 0.44
600008, 2.94
600028, 0.03
600039, 1.24
600051, 2.1
600077, 1.71
600080, 2.73
600082, 4.2
600108, 2.1
600112, 4.37
600116, 7.46
600121, 0.74
600125, 0.92
600126, 1.9
600127, 2.97
600156, 0.99
600159, 1.31
600160, 1.21
600168, 1.7
600210, 3.82
600217, 1.18
600218, 4.11
600223, 0.78
600227, 2.4
600238, 0.81
600242, 1.06
600243, 3.61
600250, 3.64
600257, 1.92
600261, 1.41
600268, 1.14
600285, 1.15
600289, 5.75
600290, 2.2
600300, 0.41
600313, 1.81
600319, 0.85
600331, 1.97
600354, 4.82
600355, 8.38
600356, 1.79
600361, 0.91
600370, 2.83
600381, 2.5
600395, 1.58
600415, 0.51
600416, 2.25
600426, 0.78
600433, 1.34
600448, 2.54
600460, 1.31
600462, 1.82
600463, 1.59
600481, 1.28
600483, 2.58
600493, 2.16
600496, 1.51
600505, 2.19
600507, 0.55
600508, 0.55
600510, 2.2
600512, 8.92
600526, 13.17
600527, 2.08
600550, 0.9
600555, 7.95
600558, 2.15
600561, 1.68
600567, 1.35
600572, 0.67
600573, 0.99
600581, 3.26
600644, 1.48
600664, 0.3
600665, 1.41
600704, 2.37
600711, 2.49
600714, 0.94
600719, 1.54
600722, 1.67
600727, 1.1
600731, 1.84
600736, 1.87
600744, 3.45
600747, 1.46
600766, 2.53
600780, 0.51
600790, 1.01
600791, 2.29
600792, 1.09
600802, 3.38
600806, 1.93
600810, 1.65
600811, 0.98
600815, 1.6
600828, 0.86
600844, 0.83
600857, 1.69
600861, 1.38
600888, 2.64
600889, 3.02
600960, 1.48
600965, 1.93
600966, 1.51
600973, 1.08
600979, 0.76
600982, 1.75
601002, 1.09
601007, 1.94
601018, 0.23
601100, 1.03
601126, 0.62
601169, 0.23
601177, 1.48
601188, 0.42
601218, 1.41
601225, 1.78
601231, 0.41
601333, 0.23
601368, 9.02
601390, 0.23
601518, 0.76
601666, 0.49
601668, 0.38
601678, 1.28
601700, 0.57
601801, 0.38
601857, 0.01
601886, 0.67
601901, 0.56
601928, 0.36
601996, 1.86
601999, 1.39
603002, 1.85
603012, 2.59
603015, 2.83
603077, 3.34
603111, 5.52
603126, 12.48
603169, 13.56
603227, 4.08
603606, 3.07
603969, 7.02
000036, 1.42
000058, 2.45
000060, 1.08
000078, 4.72
000158, 1.07
000422, 1.22
000425, 0.92
000430, 2.73
000518, 2.88
000528, 1.44
000546, 6.94
000551, 3.93
000554, 3.65
000570, 2.77
000572, 0.73
000589, 0.82
000598, 2.94
000601, 2.3
000606, 2.36
000628, 6.57
000632, 0.89
000636, 1.67
000655, 3.74
000663, 2.31
000673, 3.22
000679, 3.47
000680, 10.45
000682, 1.13
000683, 2.21
000692, 2.36
000703, 0.69
000705, 2.78
000707, 3.14
000719, 0.76
000731, 2.56
000737, 2.1
000751, 1.72
000782, 2.45
000786, 8.01
000789, 2.74
000809, 1.16
000811, 4.79
000822, 1.38
000828, 0.43
000850, 1.08
000856, 0.87
000859, 1.98
000862, 1.39
000880, 5.63
000908, 1.43
000912, 0.77
000939, 2.12
000949, 1.34
000960, 2.21
000976, 0.88
000980, 3.12
000993, 2.94
001896, 1.28
002026, 1.39
002028, 3.11
002042, 1.13
002050, 1.18
002069, 1.27
002079, 6.53
002083, 1.04
002084, 2.62
002098, 6.27
002109, 1.07
002116, 1.34
002122, 0.44
002132, 1.19
002165, 1.07
002191, 1.38
002198, 1.07
002220, 2.71
002225, 1.23
002226, 1.18
002231, 2.81
002249, 2.0
002272, 4.74
002300, 2.48
002307, 4.37
002331, 2.96
002336, 0.47
002337, 3.26
002342, 0.99
002344, 1.96
002361, 2.59
002375, 1.47
002392, 1.89
002398, 2.33
002408, 2.55
002420, 1.04
002429, 0.59
002433, 6.22
002452, 3.86
002453, 4.03
002455, 2.68
002482, 0.51
002483, 4.13
002497, 1.08
002501, 5.49
002503, 0.28
002509, 2.17
002521, 5.07
002540, 2.64
002542, 4.14
002550, 2.0
002556, 1.24
002560, 4.0
002562, 10.13
002565, 0.72
002585, 1.57
002637, 2.05
002638, 1.21
002641, 1.54
002671, 11.9
002687, 1.19
159922, 0
200020, 0.19
200022, 0.08
200026, 0.44
200030, 1.78
200058, 0.19
200413, 1.16
200488, 0.18
200512, 0.1
200570, 0.09
200613, 0.06
300012, 2.15
300022, 3.17
300082, 2.93
300086, 1.43
300107, 6.78
300108, 2.66
300117, 4.79
300126, 3.58
300129, 4.24
300135, 3.28
300147, 1.65
300151, 1.41
300164, 3.23
300165, 3.82
300169, 3.4
300175, 1.7
300189, 2.21
300192, 2.5
300214, 2.55
300217, 2.73
300225, 1.51
300240, 3.57
300255, 1.3
300259, 1.94
300263, 2.24
300283, 2.64
300287, 2.37
300305, 1.91
300316, 1.34
300328, 1.1
300370, 2.4
