600008, 0.54
600011, 0.04
600015, 0.16
600018, 0.13
600023, 0.3
600028, 0.1
600029, 1.24
600031, 0.4
600089, 1.19
600160, 1.22
600166, 1.08
600170, 0.51
600177, 0.24
600208, 0.29
600219, 1.34
600221, 0.36
600252, 0.66
600261, 0.37
600267, 0.61
600269, 0.62
600299, 0.71
600308, 0.96
600352, 0.75
600377, 0.13
600409, 1.33
600418, 0.95
600428, 0.99
600481, 0.78
600495, 4.02
600546, 0.27
600548, 0.27
600569, 1.0
600583, 0.45
600595, 0.86
600598, 4.72
600674, 0.18
600675, 1.27
600686, 1.18
600688, 0.51
600690, 0.3
600693, 0.55
600704, 4.05
600720, 2.77
600808, 0.6
600820, 0.97
600839, 0.92
600872, 0.44
600873, 1.38
600881, 1.09
600886, 0.34
600900, 0.1
600961, 1.2
600971, 0.92
601009, 0.84
601018, 0.17
601118, 1.45
601158, 0.06
601169, 0.09
601179, 0.22
601186, 0.44
601225, 0.22
601288, 0.04
601328, 0.11
601377, 0.41
601398, 0.02
601588, 0.18
601633, 0.52
601636, 2.43
601666, 0.99
601766, 0.21
601818, 0.1
601857, 0.03
601898, 0.12
601899, 0.71
601919, 0.17
601933, 0.45
601939, 0.72
601988, 0.05
601989, 0.91
601998, 0.08
603993, 0.36
900905, 0.11
000001, 0.31
000060, 1.55
000100, 0.77
000407, 1.14
000416, 1.01
000428, 0.9
000429, 1.13
000521, 1.39
000528, 0.81
000561, 3.97
000566, 0.63
000572, 1.7
000600, 0.39
000612, 0.79
000630, 1.52
000636, 1.67
000680, 1.35
000702, 1.34
000717, 0.33
000719, 1.42
000725, 1.53
000739, 0.41
000786, 0.61
000789, 2.73
000863, 0.39
000868, 1.96
000877, 3.87
000897, 1.07
000900, 0.9
000921, 1.64
000937, 1.15
000960, 1.23
000962, 0.52
000967, 0.9
001896, 2.63
002078, 0.84
002081, 0.33
002109, 0.5
002178, 2.68
002198, 0.64
002219, 0.53
002236, 1.06
002244, 0.53
002255, 2.62
002258, 2.3
002367, 0.79
002376, 1.1
002406, 7.79
002437, 1.11
002535, 1.5
002539, 1.61
002547, 5.27
002614, 1.06
002648, 0.52
159901, 0
159919, 0
200037, 0.25
200054, 0.06
200055, 0.09
200488, 0.35
200726, 0.04
200992, 0.1
300006, 0.73
300040, 5.72
300129, 1.05
300193, 1.62
300225, 1.18
300251, 0.58
300303, 2.02
300337, 0.46
