600006, 0.72
600008, 0.81
600011, 0.18
600012, 0.38
600027, 0.69
600029, 0.75
600050, 1.72
600051, 1.47
600067, 0.71
600076, 8.25
600078, 2.28
600080, 0.97
600093, 2.33
600094, 0.31
600095, 2.19
600096, 0.94
600100, 2.33
600105, 0.8
600111, 0.59
600116, 2.31
600121, 3.88
600123, 1.71
600141, 1.8
600180, 0.51
600203, 2.71
600206, 1.06
600210, 1.58
600216, 0.86
600223, 0.86
600227, 2.73
600229, 1.02
600255, 2.56
600261, 1.02
600267, 0.68
600273, 1.72
600280, 0.62
600292, 0.73
600295, 0.91
600320, 0.44
600328, 1.23
600337, 1.59
600348, 1.04
600356, 1.56
600365, 2.25
600377, 0.04
600380, 1.13
600386, 1.87
600388, 1.43
600396, 0.5
600403, 0.13
600405, 1.2
600422, 0.72
600458, 0.77
600460, 1.22
600468, 0.34
600470, 2.89
600499, 1.46
600503, 1.64
600505, 3.21
600516, 1.96
600517, 1.19
600561, 1.71
600575, 1.32
600583, 0.54
600589, 1.12
600596, 3.74
600597, 0.99
600601, 2.77
600621, 2.07
600623, 0.98
600635, 0.68
600643, 1.01
600675, 0.88
600683, 0.47
600705, 1.88
600707, 4.37
600708, 0.99
600719, 1.24
600728, 2.14
600730, 1.55
600738, 2.25
600758, 5.88
600761, 1.27
600770, 1.05
600780, 0.59
600787, 0.74
600806, 2.08
600810, 1.88
600831, 0.44
600846, 1.53
600862, 1.19
600894, 0.77
600965, 0.49
600981, 1.98
600983, 0.67
600987, 2.04
601012, 0.71
601111, 0.26
601158, 0.24
601188, 0.47
601208, 1.77
601218, 0.74
601222, 2.63
601225, 0.3
601231, 0.26
601313, 0.69
601368, 1.48
601567, 0.19
601579, 1.02
601608, 0.61
601717, 1.82
601808, 0.11
601818, 0.16
601886, 0.61
601999, 0.86
603002, 4.55
603015, 1.96
603077, 0.54
603969, 2.54
900905, 0.09
000009, 1.14
000021, 0.58
000030, 0.49
000035, 1.28
000036, 0.44
000043, 1.29
000068, 0.45
000069, 0.59
000409, 2.28
000410, 1.99
000415, 0.94
000419, 5.29
000421, 1.06
000430, 2.06
000510, 3.15
000530, 1.32
000539, 0.34
000540, 0.5
000551, 1.83
000554, 4.33
000559, 0.45
000563, 2.21
000573, 2.46
000628, 1.83
000633, 0.98
000650, 0.83
000652, 3.91
000665, 0.59
000680, 3.79
000690, 0.58
000705, 0.81
000713, 1.39
000717, 0.71
000719, 1.2
000726, 0.99
000735, 1.99
000739, 3.08
000785, 1.52
000790, 1.0
000800, 1.13
000851, 1.9
000859, 1.86
000888, 1.75
000897, 1.43
000899, 1.57
000927, 1.87
000950, 1.25
000955, 1.09
000961, 2.47
000969, 1.15
000983, 0.79
002004, 1.8
002006, 2.64
002009, 1.68
002023, 1.1
002029, 0.58
002031, 4.0
002033, 1.08
002054, 1.32
002056, 1.5
002063, 1.58
002064, 1.24
002071, 1.73
002076, 1.84
002079, 1.54
002081, 0.95
002083, 0.71
002084, 1.03
002087, 1.36
002091, 0.98
002093, 0.55
002097, 11.07
002100, 0.79
002102, 1.01
002116, 0.63
002121, 1.0
002125, 2.08
002130, 1.03
002131, 1.67
002133, 1.46
002135, 0.91
002137, 1.45
002139, 2.43
002156, 1.46
002158, 0.88
002160, 1.11
002161, 1.01
002167, 4.88
002170, 0.65
002181, 0.77
002185, 1.95
002194, 3.02
002218, 0.58
002220, 0.82
002225, 5.06
002226, 5.88
002232, 1.72
002238, 0.49
002243, 0.69
002245, 3.04
002249, 2.8
002261, 2.12
002270, 1.37
002274, 1.55
002293, 0.39
002298, 1.58
002303, 1.28
002305, 0.56
002327, 0.96
002328, 3.43
002337, 1.14
002345, 0.9
002348, 1.8
002369, 2.59
002375, 0.46
002390, 1.34
002392, 2.6
002402, 2.09
002403, 0.6
002408, 0.91
002429, 0.96
002433, 1.1
002441, 1.09
002442, 0.42
002448, 4.06
002454, 0.85
002457, 1.79
002465, 2.15
002471, 0.43
002474, 3.88
002483, 3.65
002497, 0.96
002501, 2.74
002502, 1.23
002504, 1.98
002516, 4.05
002527, 5.06
002531, 0.38
002532, 0.74
002533, 1.66
002536, 1.44
002559, 1.47
002564, 5.75
002565, 0.57
002566, 2.2
002570, 1.3
002585, 1.68
002593, 0.94
002607, 2.91
002637, 2.29
002641, 0.37
002663, 0.79
002666, 0.69
002678, 0.35
002689, 2.65
002770, 14.99
159901, 0
159902, 0
159909, 0
159911, 0
159922, 0
200018, 0.1
200020, 0.03
200022, 0.65
200025, 0.08
200030, 0.36
200037, 0.2
200429, 0.4
200468, 0.03
200521, 0.06
200539, 0.12
200541, 0.1
200625, 0.5
200706, 0.09
200771, 0.13
200992, 0.17
300018, 1.67
300019, 3.08
300026, 0.68
300027, 1.47
300029, 1.33
300041, 1.08
300043, 0.91
300048, 1.27
300050, 3.77
300053, 2.16
300066, 1.33
300071, 2.12
300074, 1.91
300079, 1.26
300084, 2.07
300087, 2.87
300092, 1.72
300094, 1.06
300102, 2.83
300105, 0.77
300108, 1.3
300112, 1.76
300126, 3.7
300142, 1.08
300146, 0.72
300147, 0.71
300152, 2.69
300154, 1.45
300155, 1.67
300162, 2.83
300170, 2.46
300172, 2.77
300206, 1.11
300207, 3.17
300211, 1.24
300214, 1.57
300247, 3.41
300249, 1.73
300255, 0.71
300256, 6.58
300259, 1.14
300267, 0.26
300274, 1.19
300283, 1.31
300289, 0.96
300290, 2.07
300297, 1.46
300305, 1.75
300318, 1.31
300326, 0.79
300328, 1.38
300370, 1.88
