600035, 0.6
600082, 3.29
600227, 1.25
600277, 1.15
600282, 1.35
600311, 3.26
600339, 1.88
600415, 0.94
600462, 4.57
600565, 1.86
600567, 1.48
600686, 1.92
600691, 3.94
600693, 0.78
600720, 3.97
600761, 1.4
600800, 4.91
600810, 7.5
600877, 5.26
600959, 0.96
600967, 1.57
600995, 4.83
601107, 0.52
601717, 2.03
601718, 1.25
601965, 0.98
000422, 1.9
000570, 2.4
000698, 4.42
000725, 4.13
000731, 4.45
000759, 1.87
000789, 2.1
000882, 2.84
000927, 1.51
000949, 1.47
000950, 1.29
002061, 3.25
002064, 1.97
002109, 1.46
002122, 1.09
002166, 5.69
002215, 1.24
002220, 2.51
002258, 1.93
002263, 2.51
002321, 5.62
002570, 0.91
002598, 3.48
200011, 0.56
200055, 0.17
300129, 1.48
300197, 1.35
