600005, 0.68
600011, 0.1
600018, 0.11
600019, 0.41
600020, 1.06
600023, 1.16
600028, 0.08
600029, 1.11
600033, 0.5
600039, 1.15
600048, 0.98
600057, 0.75
600067, 0.92
600068, 5.93
600089, 0.99
600108, 3.84
600117, 1.07
600133, 2.22
600143, 0.7
600157, 1.56
600159, 2.51
600162, 0.99
600169, 1.47
600170, 0.84
600175, 1.19
600192, 2.53
600193, 5.12
600210, 1.64
600221, 0.75
600249, 3.5
600256, 0.82
600266, 1.49
600269, 0.64
600273, 1.81
600277, 0.93
600281, 5.08
600284, 1.23
600285, 1.97
600300, 1.05
600308, 1.11
600320, 0.92
600327, 3.02
600350, 0.25
600351, 0.93
600361, 2.05
600376, 1.21
600383, 0.94
600387, 1.07
600408, 5.14
600429, 0.94
600448, 9.18
600466, 2.11
600469, 0.88
600481, 1.59
600495, 2.25
600499, 2.21
600515, 0.87
600527, 1.12
600533, 2.06
600546, 0.83
600567, 1.27
600569, 0.9
600578, 0.55
600581, 1.2
600582, 1.7
600583, 0.7
600598, 2.85
600603, 1.0
600606, 8.91
600616, 3.79
600635, 1.28
600642, 0.44
600643, 5.28
600644, 3.72
600665, 1.25
600667, 2.88
600674, 0.43
600683, 0.79
600686, 1.37
600691, 2.8
600703, 0.99
600723, 0.77
600724, 0.91
600730, 2.56
600731, 4.47
600757, 1.19
600759, 1.86
600795, 0.85
600802, 3.98
600811, 2.87
600814, 1.27
600820, 1.05
600827, 0.46
600830, 7.72
600841, 0.57
600858, 1.75
600863, 0.51
600864, 5.06
600865, 1.94
600871, 2.66
600875, 0.82
600881, 9.62
600889, 2.45
600959, 1.03
600978, 1.28
600982, 2.5
600987, 3.91
600995, 7.64
601009, 1.17
601107, 0.55
601113, 0.63
601117, 0.74
601126, 0.99
601137, 1.04
601169, 0.26
601179, 0.29
601188, 0.39
601226, 1.92
601288, 0.04
601313, 1.9
601328, 0.22
601339, 2.24
601518, 1.86
601588, 0.82
601600, 2.23
601818, 0.31
601857, 0.02
601866, 1.29
601886, 0.89
601933, 0.51
601939, 1.31
601985, 1.56
601996, 2.18
603015, 7.52
000001, 0.53
000005, 1.6
000008, 1.0
000027, 0.44
000059, 1.71
000061, 1.12
000066, 6.01
000069, 1.86
000096, 0.67
000099, 3.71
000166, 1.36
000407, 1.58
000417, 3.3
000419, 1.86
000425, 1.16
000429, 0.88
000430, 2.34
000539, 0.27
000543, 1.96
000548, 1.98
000561, 1.55
000572, 0.92
000598, 1.31
000601, 2.14
000616, 1.38
000632, 1.46
000637, 4.1
000671, 0.93
000673, 1.7
000685, 6.09
000690, 0.84
000692, 3.14
000708, 2.44
000726, 10.81
000735, 3.01
000793, 1.46
000800, 1.72
000828, 4.28
000833, 4.12
000883, 0.59
000898, 0.36
000926, 3.73
000949, 2.07
000978, 1.33
001896, 2.43
002011, 1.22
002018, 0.7
002026, 1.38
002029, 3.5
002047, 7.44
002064, 6.05
002083, 3.49
002084, 6.26
002097, 2.69
002116, 0.71
002166, 3.35
002187, 1.27
002204, 1.59
002225, 0.8
002232, 1.18
002244, 1.46
002263, 1.62
002274, 1.52
002293, 0.58
002300, 0.87
002321, 2.58
002327, 2.22
002336, 0.86
002351, 3.16
002363, 1.67
002382, 1.18
002397, 1.21
002419, 0.91
002429, 0.75
002457, 3.39
002489, 2.5
002505, 1.11
002521, 1.69
002528, 0.99
002531, 0.73
002534, 0.62
002553, 1.26
002554, 19.44
002556, 4.66
002561, 0.96
002570, 1.74
002585, 1.29
002638, 1.05
002666, 1.55
002671, 6.24
002692, 2.17
159901, 0
159919, 0
159922, 0
200012, 0.65
200022, 0.05
200539, 0.15
200613, 0.22
300006, 2.81
300022, 3.34
300084, 3.05
300094, 2.74
300107, 3.17
300132, 3.52
300135, 4.0
300146, 1.81
300154, 1.3
300189, 6.34
300214, 2.74
300217, 2.09
300255, 1.44
300315, 3.23
300390, 4.91
