600035, 1.06
600143, 0.61
600282, 1.5
600336, 1.59
600339, 2.6
600415, 1.88
600538, 2.35
600558, 1.99
600565, 3.65
600567, 0.66
600686, 1.11
600688, 0.47
600691, 2.4
600693, 0.67
600720, 3.57
600824, 1.7
600959, 1.02
600967, 1.45
600995, 3.74
601038, 1.77
601717, 1.04
601718, 1.31
601857, 0.02
000009, 2.58
000422, 1.54
000789, 2.0
000822, 8.88
000830, 3.26
000875, 4.44
000902, 1.41
000927, 1.14
000949, 2.68
000950, 0.95
002050, 0.48
002503, 0.48
200011, 0.15
200055, 0.06
300086, 2.77
300169, 3.34
300197, 2.24
