600005, 0.83
600008, 0.61
600010, 0.97
600011, 0.37
600016, 0.42
600017, 1.01
600018, 0.15
600020, 0.73
600023, 2.47
600026, 1.39
600027, 1.12
600028, 0.5
600029, 2.41
600035, 0.94
600086, 1.22
600094, 0.83
600106, 1.49
600108, 2.87
600115, 2.82
600170, 1.66
600177, 0.97
600221, 1.29
600266, 1.59
600269, 1.04
600284, 1.21
600299, 0.78
600300, 1.62
600320, 1.21
600352, 1.13
600369, 1.16
600396, 2.68
600425, 5.06
600433, 1.49
600438, 1.06
600468, 1.28
600481, 0.82
600495, 2.71
600496, 1.96
600507, 1.26
600522, 1.87
600546, 0.9
600567, 0.83
600569, 0.89
600578, 0.39
600581, 1.82
600583, 2.41
600606, 6.19
600616, 2.09
600642, 0.86
600674, 0.71
600684, 3.44
600686, 0.9
600688, 1.66
600703, 0.38
600705, 1.45
600717, 0.86
600737, 2.99
600743, 1.08
600748, 0.88
600782, 2.87
600787, 2.54
600795, 2.25
600801, 1.56
600808, 1.15
600811, 1.06
600820, 1.17
600823, 0.56
600831, 2.1
600839, 3.27
600875, 1.33
600886, 1.74
600894, 0.72
600959, 1.39
600967, 2.3
600987, 1.44
601000, 0.98
601006, 0.6
601018, 0.4
601058, 1.31
601106, 2.01
601107, 1.78
601111, 1.04
601168, 2.25
601179, 0.88
601288, 0.11
601328, 0.44
601333, 3.68
601398, 0.07
601567, 0.28
601588, 1.12
601633, 0.22
601818, 0.35
601857, 0.1
601872, 1.22
601886, 0.98
601899, 1.28
601933, 0.49
601939, 1.52
601985, 3.72
601988, 0.12
601991, 0.32
601992, 0.76
000001, 0.57
000018, 2.02
000027, 0.75
000031, 1.61
000088, 0.49
000089, 0.71
000096, 1.21
000338, 4.82
000429, 1.41
000507, 1.81
000514, 7.28
000516, 5.33
000521, 2.1
000539, 0.93
000572, 1.52
000598, 1.32
000600, 1.27
000608, 2.13
000613, 2.16
000627, 1.7
000656, 5.11
000685, 1.3
000690, 0.72
000709, 1.71
000758, 2.94
000778, 3.2
000788, 0.68
000800, 2.34
000825, 0.68
000848, 1.21
000876, 1.16
000883, 0.44
000897, 2.36
000900, 1.1
000927, 2.21
000930, 3.89
000966, 1.49
002028, 2.84
002047, 2.16
002093, 1.66
002163, 6.1
002176, 3.47
002178, 7.01
002244, 0.99
002263, 4.39
002318, 1.87
002336, 0.86
002345, 1.11
002385, 1.0
002397, 6.54
002470, 0.43
002489, 1.35
002556, 5.35
002563, 0.27
002570, 1.47
002654, 2.59
002685, 1.68
002697, 8.25
002770, 4.07
159901, 0
159919, 0
159927, 0
200012, 0.17
200022, 0.09
200037, 0.33
200539, 0.34
200613, 0.03
300028, 6.79
300039, 2.7
300074, 5.23
300079, 2.33
300082, 2.81
300146, 1.73
300170, 3.53
300251, 0.82
