600234
002045
002096
002106
002520
300211
600232
600242
600363
000758
002217
002500
300390
600392
600460
603300
000679
002031
002150
002240
002533
002580
002610
300088
300189
600193
603993
002208
002636
300301
600838
601231
000410
000829
002068
002330
002361
002429
002659
002770
300256
300316
600207
000592
002235
002388
300082
300112
300353
600122
600192
600202
600390
600678
600730
000760
002036
002176
002265
300116
300337
600360
600731
603012
000970
002044
002455
002494
002637
600719
000925
002308
300092
300247
600237
600538
600707
600870
603299
002211
002264
002431
300228
