600006
601231
002163
002360
002495
300057
300088
600363
600584
600707
000534
000622
002381
002520
300301
600202
600719
600838
603998
000018
000829
002150
002408
002500
300041
300211
600651
603299
000758
000925
002031
002208
002240
002361
002494
300082
600110
600538
600678
600731
000413
000592
000970
002125
002137
002264
002330
002431
300139
300247
603300
002539
300131
300344
600360
000795
000993
002637
600058
600135
600193
600207
600870
000760
002288
002401
300116
300316
601001
601311
002045
002075
002176
002430
600111
600232
600242
000973
002211
002388
002580
002610
300258
300322
300390
