600538
000055
000829
002245
002330
002388
002495
300013
300041
300247
600202
600237
601231
603998
000018
000607
000758
000987
002068
002211
002263
002288
002455
002520
300201
600207
600584
000534
002031
002163
002265
600731
600838
601311
000592
000760
002208
002286
002308
002408
002500
002637
300116
300139
300322
300390
600058
600122
600135
600192
600234
600275
600306
600719
600730
000657
000970
002360
002381
002429
002529
002539
300344
600360
600460
600678
600869
000969
000993
002150
002494
300082
300112
000413
000622
000795
000925
002045
002096
002106
002137
002176
002217
002430
002533
200018
300092
300228
600232
600242
600392
600651
600707
600870
601688
603300
603993
000410
002077
002097
002361
300057
300088
300301
603299
002075
002264
002401
300189
300258
300316
600171
600193
600363
000973
002036
002079
002235
002431
002580
002610
002659
300131
300211
